simTime	Grav	Gmax	dvta	tgo_aim	UTAA_X	UTAA_Y	UTAA_Z	WOEA_X	WOEA_Y	WOEA_Z
0.000000	9.788990	4.328419	-558.934515	1.789118	0.996195	0.087156	0.000000	0.000000	0.000000	0.024404
0.002000	9.788990	4.352588	-559.381013	1.785691	0.996190	0.087204	-0.000035	0.000000	0.000010	0.024498
0.004000	9.788990	4.401190	-560.275168	1.780843	0.996186	0.087253	-0.000104	0.000000	0.000029	0.024631
0.006000	9.788990	4.450142	-561.169246	1.776007	0.996182	0.087303	-0.000173	0.000000	0.000049	0.024765
0.008000	9.788990	4.499446	-562.063227	1.771184	0.996177	0.087352	-0.000242	0.000000	0.000069	0.024900
0.010000	9.788990	4.549100	-562.957109	1.766373	0.996173	0.087402	-0.000311	0.000000	0.000089	0.025036
0.012000	9.788990	4.599108	-563.850892	1.761575	0.996169	0.087452	-0.000379	0.000000	0.000109	0.025171
0.014000	9.788990	4.651408	-564.745174	1.756787	0.996164	0.087502	-0.000448	0.000000	0.000129	0.025308
0.016000	9.788990	4.704175	-140.625000	1.752008	0.894144	0.439266	0.086902	0.000000	0.000150	0.025445
0.018000	9.788990	4.757412	-140.625000	1.747237	0.924609	0.380917	0.000563	0.000000	0.000170	0.025583
0.020000	9.788990	4.811123	-140.625000	1.742475	0.919701	0.390075	0.044630	0.000000	0.000191	0.025722
0.022000	9.788990	4.865310	-150.000000	1.737721	0.952115	0.305705	-0.004734	0.000000	0.000211	0.025862
0.024000	9.788990	4.919978	-150.000000	1.732976	0.936335	0.344439	0.068099	0.000000	0.000232	0.026002
0.026000	9.788990	4.975128	131.250000	1.728239	0.996138	0.087799	-0.000863	0.000000	0.000253	0.026143
0.028000	9.788990	5.030765	131.250000	1.723511	0.996132	0.087862	-0.000921	0.000000	0.000275	0.026284
0.030000	9.788990	5.086892	131.250000	1.718791	0.996127	0.087916	-0.000988	0.000000	0.000296	0.026426
0.032000	9.788990	5.143512	131.250000	1.714080	0.996124	0.087959	-0.001056	0.000000	0.000317	0.026570
0.034000	9.788990	5.200628	131.250000	1.709377	0.881149	0.469781	-0.053686	0.000000	0.000339	0.026713
0.036000	9.788990	5.258244	131.250000	1.704682	0.894173	-0.430929	0.121471	0.000000	0.000361	0.026858
0.038000	9.788990	5.316363	140.625000	1.699996	0.780962	-0.624572	0.002731	0.000000	0.000383	0.027003
0.040000	9.788990	5.374989	131.250000	1.695318	0.996104	0.088173	-0.001324	0.000000	0.000405	0.027149
0.042000	9.788990	5.434124	131.250000	1.690649	0.996100	0.088224	-0.001393	0.000000	0.000427	0.027296
0.044000	9.788990	5.493773	131.250000	1.685988	0.996094	0.088282	-0.001457	0.000000	0.000449	0.027444
0.046000	9.788990	5.553939	131.250000	1.681335	0.996089	0.088343	-0.001517	0.000000	0.000471	0.027592
0.048000	9.788990	5.614624	131.250000	1.676691	0.996084	0.088398	-0.001583	0.000000	0.000494	0.027741
0.050000	9.788990	5.675834	131.250000	1.672055	0.996082	0.088421	-0.001635	0.000000	0.000517	0.027891
0.052000	9.788990	5.737570	131.250000	1.667427	0.996074	0.088506	-0.001716	0.000000	0.000540	0.028042
0.054000	9.788990	5.799837	140.625000	1.662807	0.143989	-0.017786	-0.989419	0.000000	0.000563	0.028194
0.056000	9.788990	5.862638	140.625000	1.658196	0.498170	0.865698	0.048919	0.000000	0.000586	0.028346
0.058000	9.788990	5.925977	131.250000	1.653593	0.418323	0.908298	0.000965	0.000000	0.000609	0.028499
0.060000	9.788990	5.989857	131.250000	1.648998	0.418323	0.908298	0.000965	0.000000	0.000633	0.028653
0.062000	9.788990	6.054281	131.250000	1.644412	0.996049	0.088787	-0.002039	0.000000	0.000656	0.028808
0.064000	9.788990	6.119254	131.250000	1.639833	0.996049	0.088787	-0.002039	0.000001	0.000680	0.028963
0.066000	9.788990	6.184779	131.250000	1.635263	0.996038	0.088903	-0.002164	0.000001	0.000704	0.029120
0.068000	9.788990	6.250859	131.250000	1.630701	0.996032	0.088962	-0.002236	0.000001	0.000728	0.029277
0.070000	9.788990	6.317499	131.250000	1.626147	0.996027	0.089017	-0.002291	0.000001	0.000752	0.029435
0.072000	9.788990	6.384701	131.250000	1.621601	0.996022	0.089073	-0.002363	0.000001	0.000777	0.029594
0.074000	9.788990	6.452470	131.250000	1.617064	0.996022	0.089073	-0.002363	0.000001	0.000801	0.029754
0.076000	9.788990	6.520808	131.250000	1.612534	0.996022	0.089073	-0.002363	0.000001	0.000826	0.029915
0.078000	9.788990	6.589721	131.250000	1.608012	0.996022	0.089073	-0.002363	0.000001	0.000851	0.030076
0.080000	9.788990	6.659211	131.250000	1.603499	0.996022	0.089073	-0.002363	0.000001	0.000876	0.030239
0.082000	9.788990	6.729283	131.250000	1.598993	0.996022	0.089073	-0.002363	0.000001	0.000901	0.030402
0.084000	9.788990	6.799939	131.250000	1.594496	0.996022	0.089073	-0.002363	0.000001	0.000927	0.030566
0.086000	9.788990	6.871184	131.250000	1.590007	0.995988	0.089447	-0.002804	0.000001	0.000952	0.030731
0.088000	9.788990	6.943022	131.250000	1.585525	0.995988	0.089447	-0.002804	0.000001	0.000978	0.030897
0.090000	9.788990	7.015456	131.250000	1.581052	0.995988	0.089447	-0.002804	0.000001	0.001004	0.031064
0.092000	9.788990	7.088491	131.250000	1.576587	0.995988	0.089447	-0.002804	0.000001	0.001030	0.031232
0.094000	9.788990	7.162129	131.250000	1.572129	0.995988	0.089447	-0.002804	0.000001	0.001056	0.031401
0.096000	9.788990	7.236375	131.250000	1.567680	0.995988	0.089447	-0.002804	0.000001	0.001082	0.031570
0.098000	9.788990	7.311233	131.250000	1.563238	0.995988	0.089447	-0.002804	0.000001	0.001109	0.031741
0.100000	9.788990	7.386707	131.250000	1.558804	0.995988	0.089447	-0.002804	0.000001	0.001136	0.031913
0.102000	9.788990	7.462800	131.250000	1.554379	0.995988	0.089447	-0.002804	0.000001	0.001163	0.032085
0.104000	9.788990	7.539517	131.250000	1.549961	0.995988	0.089447	-0.002804	0.000001	0.001190	0.032258
0.106000	9.788990	7.616861	131.250000	1.545551	0.995988	0.089447	-0.002804	0.000001	0.001217	0.032433
0.108000	9.788990	7.694836	131.250000	1.541149	0.995988	0.089447	-0.002804	0.000001	0.001244	0.032608
0.110000	9.788990	7.748091	131.250000	1.536754	0.995988	0.089447	-0.002804	0.000002	0.001272	0.032785
0.112000	9.788990	7.797666	-140.625000	1.532368	0.995907	0.090308	-0.003609	0.000002	0.001300	0.032962
0.114000	9.788990	7.847489	-140.625000	1.527989	0.995907	0.090308	-0.003609	0.000002	0.001328	0.033140
0.116000	9.788990	7.897560	-140.625000	1.523617	0.995907	0.090308	-0.003609	0.000002	0.001356	0.033320
0.118000	9.788990	7.947879	-140.625000	1.519253	0.995907	0.090308	-0.003609	0.000002	0.001384	0.033500
0.120000	9.788990	7.998449	-140.625000	1.514897	0.995907	0.090308	-0.003609	0.000002	0.001413	0.033681
0.122000	9.788990	8.049271	-140.625000	1.510548	0.528002	-0.082409	0.845235	0.000002	0.001441	0.033864
0.124000	9.788990	8.100344	-150.000000	1.506206	0.633750	0.773359	-0.016645	0.000002	0.001470	0.034047
0.126000	9.788990	8.151671	-140.625000	1.501872	0.995866	0.090749	-0.004033	0.000002	0.001499	0.034232
0.128000	9.788990	8.203251	-140.625000	1.497546	0.995858	0.090829	-0.004097	0.000002	0.001529	0.034417
0.130000	9.788990	8.255087	-140.625000	1.493227	0.995852	0.090890	-0.004151	0.000002	0.001558	0.034604
0.132000	9.788990	8.307180	-140.625000	1.488915	0.995845	0.090969	-0.004218	0.000002	0.001588	0.034791
0.134000	9.788990	8.359529	-140.625000	1.484611	0.995839	0.091031	-0.004273	0.000002	0.001618	0.034980
0.136000	9.788990	8.412137	-140.625000	1.480314	0.733024	-0.679731	0.025325	0.000002	0.001648	0.035170
0.138000	9.788990	8.465004	-140.625000	1.476024	0.897736	-0.440474	-0.007219	0.000003	0.001678	0.035361
0.140000	9.788990	8.518131	-140.625000	1.471742	0.897736	-0.440474	-0.007219	0.000003	0.001708	0.035553
0.142000	9.788990	8.571519	-140.625000	1.467468	0.897736	-0.440474	-0.007219	0.000003	0.001739	0.035746
0.144000	9.788990	8.625170	-140.625000	1.463200	0.995806	0.091372	-0.004579	0.000003	0.001770	0.035940
0.146000	9.788990	8.679085	-140.625000	1.458940	0.995799	0.091447	-0.004638	0.000003	0.001801	0.036136
0.148000	9.788990	8.733264	-140.625000	1.454687	0.995793	0.091514	-0.004702	0.000003	0.001832	0.036332
0.150000	9.788990	8.787708	-140.625000	1.450442	0.995786	0.091588	-0.004756	0.000003	0.001864	0.036530
0.152000	9.788990	8.842420	-140.625000	1.446203	0.995779	0.091656	-0.004818	0.000003	0.001895	0.036729
0.154000	9.788990	8.897398	-140.625000	1.441972	0.995772	0.091726	-0.004875	0.000003	0.001927	0.036929
0.156000	9.788990	8.952646	-140.625000	1.437749	0.995765	0.091804	-0.004926	0.000003	0.001959	0.037130
0.158000	9.788990	9.008163	131.250000	1.433532	0.894747	0.446439	-0.010951	0.000003	0.001992	0.037332
0.160000	9.788990	9.063951	131.250000	1.429323	0.868549	0.494528	0.032630	0.000003	0.002024	0.037536
0.162000	9.788990	9.120011	131.250000	1.425121	0.913677	0.397896	-0.082899	0.000004	0.002057	0.037741
0.164000	9.788990	9.176344	-140.625000	1.420926	0.995738	0.092087	-0.005163	0.000004	0.002090	0.037947
0.166000	9.788990	9.232951	-140.625000	1.416738	0.995731	0.092159	-0.005225	0.000004	0.002123	0.038154
0.168000	9.788990	9.289834	-140.625000	1.412557	0.995723	0.092236	-0.005286	0.000004	0.002156	0.038362
0.170000	9.788990	9.346992	-140.625000	1.408384	0.995716	0.092309	-0.005341	0.000004	0.002190	0.038572
0.172000	9.788990	9.404428	-140.625000	1.404218	0.995708	0.092389	-0.005404	0.000004	0.002224	0.038783
0.174000	9.788990	9.462142	-140.625000	1.400058	0.995701	0.092466	-0.005462	0.000004	0.002258	0.038995
0.176000	9.788990	9.520136	-140.625000	1.395906	0.995694	0.092535	-0.005516	0.000004	0.002292	0.039209
0.178000	9.788990	9.578411	131.250000	1.391761	0.973504	-0.213823	0.081056	0.000004	0.002327	0.039423
0.180000	9.788990	9.636967	131.250000	1.387623	0.999916	-0.001212	0.012916	0.000004	0.002361	0.039640
0.182000	9.788990	9.695806	-140.625000	1.383492	0.995671	0.092768	-0.005694	0.000005	0.002396	0.039857
0.184000	9.788990	9.754930	-140.625000	1.379368	0.995664	0.092842	-0.005749	0.000005	0.002432	0.040076
0.186000	9.788990	9.814338	-140.625000	1.375251	0.995657	0.092919	-0.005812	0.000005	0.002467	0.040296
0.188000	9.788990	9.874033	-140.625000	1.371142	0.995656	0.092920	-0.005860	0.000005	0.002503	0.040517
0.190000	9.788990	9.934015	-140.625000	1.367039	0.995642	0.093074	-0.005921	0.000005	0.002539	0.040740
0.192000	9.788990	9.994285	-140.625000	1.362943	0.995633	0.093159	-0.005978	0.000005	0.002575	0.040964
0.194000	9.788990	10.054845	-140.625000	1.358854	0.995627	0.093226	-0.006042	0.000005	0.002611	0.041189
0.196000	9.788990	10.115696	-140.625000	1.354772	0.995618	0.093312	-0.006092	0.000005	0.002648	0.041416
0.198000	9.788990	10.176839	-140.625000	1.350697	0.999204	-0.029540	-0.026811	0.000005	0.002685	0.041644
0.200000	9.788991	10.238275	-140.625000	1.346629	0.950802	-0.307349	0.038887	0.000006	0.002722	0.041874
0.202000	9.788991	10.300005	-140.625000	1.342568	0.995594	0.093554	-0.006269	0.000006	0.002759	0.042105
0.204000	9.788991	10.362031	-140.625000	1.338513	0.995586	0.093639	-0.006326	0.000006	0.002797	0.042337
0.206000	9.788991	10.424353	-140.625000	1.334466	0.995579	0.093710	-0.006378	0.000006	0.002835	0.042571
0.208000	9.788991	10.486973	-140.625000	1.330425	0.995571	0.093793	-0.006436	0.000006	0.002873	0.042806
0.210000	9.788991	10.549891	-140.625000	1.326392	0.995562	0.093880	-0.006495	0.000006	0.002912	0.043043
0.212000	9.788991	10.613110	-140.625000	1.322365	0.995553	0.093970	-0.006560	0.000006	0.002950	0.043281
0.214000	9.788991	10.676630	-140.625000	1.318345	0.995546	0.094043	-0.006609	0.000007	0.002989	0.043521
0.216000	9.788991	10.740453	-140.625000	1.314332	0.995537	0.094135	-0.006668	0.000007	0.003029	0.043762
0.218000	9.788991	10.804579	-140.625000	1.310325	0.995530	0.094209	-0.006723	0.000007	0.003068	0.044005
0.220000	9.788991	10.869010	-150.000000	1.306326	0.995521	0.094297	-0.006782	0.000007	0.003108	0.044250
0.222000	9.788991	10.933747	-140.625000	1.302333	0.995513	0.094379	-0.006833	0.000007	0.003148	0.044495
0.224000	9.788991	10.998791	-140.625000	1.298346	0.995505	0.094462	-0.006896	0.000007	0.003188	0.044743
0.226000	9.788991	11.064144	-140.625000	1.294367	0.995496	0.094543	-0.006951	0.000007	0.003229	0.044992
0.228000	9.788991	11.129806	-140.625000	1.290394	0.995487	0.094638	-0.007008	0.000008	0.003270	0.045242
0.230000	9.788991	11.195779	-140.625000	1.286428	0.995479	0.094719	-0.007069	0.000008	0.003311	0.045494
0.232000	9.788991	11.262064	-140.625000	1.282469	0.995471	0.094803	-0.007113	0.000008	0.003352	0.045748
0.234000	9.788991	11.328663	-140.625000	1.278517	0.995462	0.094891	-0.007176	0.000008	0.003394	0.046004
0.236000	9.788991	11.395576	-140.625000	1.274571	0.995454	0.094966	-0.007232	0.000008	0.003436	0.046261
0.238000	9.788991	11.462805	131.250000	1.270632	0.995445	0.095063	-0.007290	0.000008	0.003479	0.046519
0.240000	9.788991	11.530350	-140.625000	1.266699	0.995434	0.095165	-0.007347	0.000008	0.003521	0.046779
0.242000	9.788991	11.598214	-140.625000	1.262773	0.995426	0.095250	-0.007399	0.000009	0.003564	0.047041
0.244000	9.788991	11.666398	-140.625000	1.258854	0.995416	0.095345	-0.007453	0.000009	0.003607	0.047305
0.246000	9.788991	11.734902	-140.625000	1.254941	0.995408	0.095423	-0.007506	0.000009	0.003651	0.047571
0.248000	9.788991	11.803728	-140.625000	1.251035	0.995399	0.095517	-0.007565	0.000009	0.003695	0.047838
0.250000	9.788991	11.872878	-140.625000	1.247135	0.995390	0.095611	-0.007621	0.000009	0.003739	0.048107
0.252000	9.788991	11.942352	-140.625000	1.243242	0.995381	0.095697	-0.007676	0.000009	0.003783	0.048377
0.254000	9.788991	12.012151	-140.625000	1.239356	0.995370	0.095802	-0.007732	0.000010	0.003828	0.048649
0.256000	9.788991	12.082278	-140.625000	1.235476	0.995361	0.095891	-0.007789	0.000010	0.003873	0.048924
0.258000	9.788991	12.152733	-140.625000	1.231602	0.995353	0.095977	-0.007847	0.000010	0.003918	0.049200
0.260000	9.788991	12.223518	-140.625000	1.227735	0.995343	0.096070	-0.007898	0.000010	0.003964	0.049477
0.262000	9.788991	12.294633	-140.625000	1.223875	0.995333	0.096168	-0.007965	0.000010	0.004010	0.049757
0.264000	9.788991	12.366081	-140.625000	1.220021	0.995324	0.096262	-0.008012	0.000011	0.004056	0.050038
0.266000	9.788991	12.437863	-140.625000	1.216174	0.995314	0.096360	-0.008068	0.000011	0.004103	0.050322
0.268000	9.788991	12.509979	-140.625000	1.212333	0.995304	0.096452	-0.008125	0.000011	0.004150	0.050607
0.270000	9.788991	12.582431	-140.625000	1.208498	0.995294	0.096552	-0.008176	0.000011	0.004197	0.050894
0.272000	9.788991	12.655220	-140.625000	1.204670	0.995284	0.096648	-0.008238	0.000011	0.004245	0.051183
0.274000	9.788991	12.728349	-140.625000	1.200848	0.995275	0.096744	-0.008287	0.000011	0.004293	0.051474
0.276000	9.788991	12.801817	-140.625000	1.197033	0.995265	0.096838	-0.008343	0.000012	0.004341	0.051767
0.278000	9.788991	12.875627	-140.625000	1.193224	0.995255	0.096938	-0.008400	0.000012	0.004390	0.052062
0.280000	9.788991	12.949779	-140.625000	1.189421	0.995246	0.097026	-0.008456	0.000012	0.004439	0.052359
0.282000	9.788991	13.024275	-140.625000	1.185625	0.995233	0.097158	-0.008511	0.000012	0.004489	0.052657
0.284000	9.788991	13.099117	-140.625000	1.181835	0.995225	0.097233	-0.008566	0.000012	0.004538	0.052958
0.286000	9.788991	13.174306	-140.625000	1.178052	0.995214	0.097334	-0.008624	0.000013	0.004589	0.053261
0.288000	9.788991	13.241624	-140.625000	1.174275	0.995204	0.097432	-0.008678	0.000013	0.004639	0.053566
0.290000	9.788991	13.304557	-140.625000	1.170504	0.995194	0.097529	-0.008738	0.000013	0.004690	0.053873
0.292000	9.788991	13.367683	-140.625000	1.166739	0.995184	0.097635	-0.008781	0.000013	0.004741	0.054182
0.294000	9.788991	13.431001	-140.625000	1.162981	0.995173	0.097737	-0.008841	0.000014	0.004793	0.054494
0.296000	9.788991	13.494513	-140.625000	1.159229	0.995162	0.097839	-0.008901	0.000014	0.004845	0.054807
0.298000	9.788991	13.558218	-140.625000	1.155483	0.057649	-0.120480	0.991040	0.000014	0.004897	0.055123
0.300000	9.788991	13.622116	-140.625000	1.151743	0.995141	0.098045	-0.009010	0.000014	0.004950	0.055440
0.302000	9.788991	13.686208	-140.625000	1.148010	0.995130	0.098154	-0.009065	0.000014	0.005003	0.055760
0.304000	9.788991	13.750494	-140.625000	1.144283	0.995120	0.098251	-0.009121	0.000015	0.005056	0.056082
0.306000	9.788991	13.814974	-140.625000	1.140562	0.995108	0.098365	-0.009176	0.000015	0.005110	0.056407
0.308000	9.788991	13.879647	-140.625000	1.136847	0.995097	0.098472	-0.009230	0.000015	0.005165	0.056733
0.310000	9.788992	13.944515	-140.625000	1.133139	0.995086	0.098581	-0.009286	0.000015	0.005219	0.057062
0.312000	9.788992	14.009577	-140.625000	1.129437	0.995074	0.098698	-0.009340	0.000016	0.005274	0.057394
0.314000	9.788992	14.074834	-140.625000	1.125740	0.995064	0.098789	-0.009394	0.000016	0.005330	0.057727
0.316000	9.788992	14.140285	-140.625000	1.122050	0.995053	0.098899	-0.009449	0.000016	0.005386	0.058063
0.318000	9.788992	14.205931	-140.625000	1.118366	0.995041	0.099009	-0.009506	0.000016	0.005442	0.058401
0.320000	9.788992	14.271772	-140.625000	1.114689	0.995030	0.099118	-0.009554	0.000017	0.005499	0.058742
0.322000	9.788992	14.337809	-140.625000	1.111017	0.995018	0.099231	-0.009616	0.000017	0.005556	0.059085
0.324000	9.788992	14.404040	-140.625000	1.107351	0.995007	0.099337	-0.009673	0.000017	0.005614	0.059430
0.326000	9.788992	14.470467	-140.625000	1.103692	0.994995	0.099450	-0.009725	0.000017	0.005672	0.059778
0.328000	9.788992	14.537089	-140.625000	1.100038	0.994983	0.099563	-0.009786	0.000018	0.005730	0.060129
0.330000	9.788992	14.603907	-140.625000	1.096391	0.994972	0.099670	-0.009835	0.000018	0.005789	0.060482
0.332000	9.788992	14.670920	-140.625000	1.092749	0.994959	0.099789	-0.009898	0.000018	0.005848	0.060837
0.334000	9.788992	14.738130	-140.625000	1.089114	0.994947	0.099906	-0.009948	0.000019	0.005908	0.061195
0.336000	9.788992	14.805535	-140.625000	1.085485	0.994936	0.100012	-0.009995	0.000019	0.005968	0.061556
0.338000	9.788992	14.873137	-140.625000	1.081861	0.994923	0.100131	-0.010062	0.000019	0.006029	0.061919
0.340000	9.788992	14.940935	-140.625000	1.078244	0.994911	0.100249	-0.010112	0.000019	0.006090	0.062285
0.342000	9.788992	15.008929	-140.625000	1.074633	0.994899	0.100366	-0.010162	0.000020	0.006152	0.062653
0.344000	9.788992	15.077120	-140.625000	1.071027	0.994886	0.100484	-0.010230	0.000020	0.006214	0.063025
0.346000	9.788992	15.145507	-140.625000	1.067428	0.994874	0.100596	-0.010277	0.000020	0.006277	0.063398
0.348000	9.788992	15.214092	-140.625000	1.063834	0.994862	0.100714	-0.010330	0.000021	0.006340	0.063775
0.350000	9.788992	15.282873	-140.625000	1.060247	0.994850	0.100828	-0.010385	0.000021	0.006403	0.064154
0.352000	9.788992	15.351851	-140.625000	1.056665	0.994836	0.100953	-0.010443	0.000021	0.006467	0.064537
0.354000	9.788992	15.421026	-140.625000	1.053089	0.994824	0.101073	-0.010495	0.000021	0.006532	0.064922
0.356000	9.788992	15.490398	-140.625000	1.049519	0.994811	0.101188	-0.010549	0.000022	0.006597	0.065309
0.358000	9.788992	15.559967	-140.625000	1.045955	0.994798	0.101314	-0.010613	0.000022	0.006662	0.065700
0.360000	9.788992	15.629734	-140.625000	1.042397	0.994785	0.101439	-0.010662	0.000022	0.006728	0.066094
0.362000	9.788992	15.699698	-140.625000	1.038845	0.994772	0.101560	-0.010712	0.000023	0.006795	0.066490
0.364000	9.788992	15.769860	-140.625000	1.035299	0.994758	0.101686	-0.010767	0.000023	0.006862	0.066890
0.366000	9.788992	15.840220	-140.625000	1.031758	0.994745	0.101807	-0.010827	0.000023	0.006929	0.067292
0.368000	9.788992	15.910777	-140.625000	1.028223	0.994732	0.101930	-0.010885	0.000024	0.006998	0.067698
0.370000	9.788992	15.981532	-140.625000	1.024694	0.994719	0.102051	-0.010938	0.000024	0.007066	0.068107
0.372000	9.788992	16.052485	-140.625000	1.021171	0.994705	0.102185	-0.010998	0.000024	0.007135	0.068518
0.374000	9.788992	16.123636	-150.000000	1.017654	0.994692	0.102304	-0.011048	0.000025	0.007205	0.068933
0.376000	9.788992	16.194985	-150.000000	1.014142	0.994678	0.102436	-0.011103	0.000025	0.007275	0.069351
0.378000	9.788992	16.266532	-150.000000	1.010636	0.994663	0.102572	-0.011160	0.000025	0.007346	0.069772
0.380000	9.788992	16.338278	-150.000000	1.007136	0.994650	0.102692	-0.011211	0.000026	0.007418	0.070196
0.382000	9.788992	16.410222	-150.000000	1.003642	0.994635	0.102828	-0.011274	0.000026	0.007490	0.070624
0.384000	9.788992	16.482364	-150.000000	1.000154	0.994622	0.102950	-0.011329	0.000026	0.007562	0.071055
0.386000	9.788993	16.554704	-150.000000	0.996671	0.994607	0.103086	-0.011385	0.000027	0.007635	0.071489
0.388000	9.788993	16.627243	-150.000000	0.993193	0.066733	-0.135247	0.988562	0.000027	0.007709	0.071927
0.390000	9.788993	16.699981	-150.000000	0.989722	0.994579	0.103349	-0.011494	0.000028	0.007783	0.072367
0.392000	9.788993	16.772917	140.625000	0.986256	0.994563	0.103493	-0.011549	0.000028	0.007858	0.072812
0.394000	9.788993	16.846052	140.625000	0.982796	0.994549	0.103618	-0.011602	0.000028	0.007933	0.073260
0.396000	9.788993	16.919386	140.625000	0.979342	0.994534	0.103763	-0.011660	0.000029	0.008010	0.073711
0.398000	9.788993	16.992918	140.625000	0.975893	0.994520	0.103888	-0.011715	0.000029	0.008086	0.074166
0.400000	9.788993	17.066650	140.625000	0.972450	0.994505	0.104029	-0.011770	0.000029	0.008164	0.074624
0.402000	9.788993	17.140580	140.625000	0.969012	0.994490	0.104167	-0.011828	0.000030	0.008242	0.075086
0.404000	9.788993	17.214709	140.625000	0.965580	0.994475	0.104301	-0.011879	0.000030	0.008320	0.075552
0.406000	9.788993	17.289037	140.625000	0.962154	0.994458	0.104451	-0.011939	0.000031	0.008399	0.076021
0.408000	9.788993	17.363564	131.250000	0.958733	0.994444	0.104585	-0.011998	0.000031	0.008479	0.076494
0.410000	9.788993	17.438291	131.250000	0.955318	0.994428	0.104726	-0.012049	0.000031	0.008560	0.076971
0.412000	9.788993	17.513216	131.250000	0.951908	0.994413	0.104865	-0.012115	0.000032	0.008641	0.077451
0.414000	9.788993	17.588340	131.250000	0.948504	0.994397	0.105007	-0.012162	0.000032	0.008723	0.077936
0.416000	9.788993	17.663664	131.250000	0.945106	0.994382	0.105147	-0.012226	0.000033	0.008805	0.078424
0.418000	9.788993	17.739186	131.250000	0.941713	0.994364	0.105305	-0.012279	0.000033	0.008889	0.078916
0.420000	9.788993	17.814908	131.250000	0.938325	0.994349	0.105446	-0.012336	0.000034	0.008973	0.079412
0.422000	9.788993	17.890829	131.250000	0.934943	0.994333	0.105590	-0.012394	0.000034	0.009057	0.079913
0.424000	9.788993	17.966949	131.250000	0.931567	0.994316	0.105735	-0.012451	0.000035	0.009143	0.080417
0.426000	9.788993	18.043268	131.250000	0.928196	0.994302	0.105863	-0.012507	0.000035	0.009229	0.080925
0.428000	9.788993	18.119787	131.250000	0.924830	0.994284	0.106030	-0.012563	0.000035	0.009315	0.081438
0.430000	9.788993	18.196505	131.250000	0.921470	0.994266	0.106187	-0.012615	0.000036	0.009403	0.081954
0.432000	9.788993	18.273422	131.250000	0.918116	0.994250	0.106335	-0.012675	0.000036	0.009491	0.082475
0.434000	9.788993	18.350538	131.250000	0.914767	0.994233	0.106481	-0.012732	0.000037	0.009580	0.083001
0.436000	9.788993	18.427854	131.250000	0.911423	0.994216	0.106637	-0.012788	0.000037	0.009670	0.083530
0.438000	9.788993	18.505368	131.250000	0.908085	0.994198	0.106792	-0.012846	0.000038	0.009760	0.084064
0.440000	9.788993	18.583082	131.250000	0.904752	0.994182	0.106942	-0.012902	0.000038	0.009852	0.084603
0.442000	9.788993	18.660995	131.250000	0.901425	0.994164	0.107102	-0.012951	0.000039	0.009944	0.085145
0.444000	9.788993	18.739108	131.250000	0.898103	0.994146	0.107262	-0.013014	0.000039	0.010037	0.085693
0.446000	9.788993	18.817419	131.250000	0.894786	0.994129	0.107410	-0.013073	0.000040	0.010130	0.086245
0.448000	9.788994	18.895930	131.250000	0.891475	0.994110	0.107573	-0.013139	0.000040	0.010225	0.086801
0.450000	9.788994	18.974639	131.250000	0.888169	0.994093	0.107731	-0.013192	0.000041	0.010320	0.087363
0.452000	9.788994	19.053548	131.250000	0.884868	0.994075	0.107889	-0.013241	0.000041	0.010416	0.087929
0.454000	9.788994	19.132656	131.250000	0.881573	0.994057	0.108044	-0.013305	0.000042	0.010513	0.088500
0.456000	9.788994	19.211963	131.250000	0.878283	0.994038	0.108210	-0.013364	0.000042	0.010611	0.089075
0.458000	9.788994	19.291468	131.250000	0.874999	0.994020	0.108372	-0.013419	0.000043	0.010709	0.089656
0.460000	9.788994	19.371173	131.250000	0.871719	0.994001	0.108533	-0.013483	0.000043	0.010809	0.090242
0.462000	9.788994	19.451077	131.250000	0.868445	0.993981	0.108708	-0.013539	0.000044	0.010909	0.090832
0.464000	9.788994	19.531179	131.250000	0.865177	0.993964	0.108859	-0.013597	0.000045	0.011010	0.091428
0.466000	9.788994	19.611480	131.250000	0.861913	0.993944	0.109033	-0.013655	0.000045	0.011113	0.092029
0.468000	9.788994	19.691980	131.250000	0.858655	0.993926	0.109195	-0.013714	0.000046	0.011216	0.092635
0.470000	9.788994	19.772679	131.250000	0.855402	0.993907	0.109361	-0.013773	0.000046	0.011320	0.093246
0.472000	9.788994	19.853576	131.250000	0.852155	0.993886	0.109539	-0.013831	0.000047	0.011424	0.093863
0.474000	9.788994	19.934671	131.250000	0.848912	0.993867	0.109710	-0.013893	0.000047	0.011530	0.094485
0.476000	9.788994	20.015965	131.250000	0.845675	0.993847	0.109881	-0.013948	0.000048	0.011637	0.095112
0.478000	9.788994	20.097458	131.250000	0.842443	0.993827	0.110056	-0.014009	0.000049	0.011745	0.095745
0.480000	9.788994	20.179149	131.250000	0.839216	0.993807	0.110228	-0.014064	0.000049	0.011853	0.096384
0.482000	9.788994	20.261038	140.625000	0.835995	0.993786	0.110407	-0.014127	0.000050	0.011963	0.097028
0.484000	9.788994	20.343125	131.250000	0.832778	0.993765	0.110586	-0.014181	0.000051	0.012074	0.097678
0.486000	9.788994	20.425410	131.250000	0.829567	0.993744	0.110766	-0.014247	0.000051	0.012185	0.098334
0.488000	9.788994	20.507893	131.250000	0.826361	0.993724	0.110940	-0.014304	0.000052	0.012298	0.098995
0.490000	9.788994	20.590574	131.250000	0.823160	0.993703	0.111119	-0.014365	0.000052	0.012412	0.099663
0.492000	9.788994	20.673453	131.250000	0.819964	0.993682	0.111302	-0.014416	0.000053	0.012527	0.100336
0.494000	9.788994	20.756529	131.250000	0.816774	0.993660	0.111489	-0.014486	0.000054	0.012643	0.101016
0.496000	9.788994	20.839803	131.250000	0.813588	0.993638	0.111674	-0.014547	0.000054	0.012759	0.101701
0.498000	9.788994	20.923274	140.625000	0.810408	0.993618	0.111852	-0.014601	0.000055	0.012877	0.102393
0.500000	9.788995	21.016092	131.250000	0.807232	0.993595	0.112046	-0.014661	0.000056	0.012996	0.103092
0.502000	9.788995	21.109557	131.250000	0.804062	0.993574	0.112226	-0.014726	0.000056	0.013117	0.103796
0.504000	9.788995	21.204759	131.250000	0.800897	0.993551	0.112420	-0.014791	0.000057	0.013238	0.104507
0.506000	9.788995	21.300287	131.250000	0.797737	0.993529	0.112605	-0.014847	0.000058	0.013360	0.105225
0.508000	9.788995	21.396141	131.250000	0.794582	0.993507	0.112793	-0.014906	0.000059	0.013484	0.105949
0.510000	9.788995	21.492322	131.250000	0.791431	0.993484	0.112989	-0.014962	0.000059	0.013609	0.106680
0.512000	9.788995	21.588830	131.250000	0.788286	0.993461	0.113182	-0.015030	0.000060	0.013735	0.107418
0.514000	9.788995	21.685666	131.250000	0.785146	0.993437	0.113383	-0.015090	0.000061	0.013862	0.108163
0.516000	9.788995	21.782832	131.250000	0.782010	0.993415	0.113569	-0.015155	0.000062	0.013990	0.108915
0.518000	9.788995	21.880327	131.250000	0.778880	0.993391	0.113769	-0.015217	0.000062	0.014120	0.109674
0.520000	9.788995	21.978153	131.250000	0.775754	0.993366	0.113977	-0.015276	0.000063	0.014251	0.110440
0.522000	9.788995	22.076310	131.250000	0.772633	0.993343	0.114171	-0.015336	0.000064	0.014383	0.111213
0.524000	9.788995	22.174798	131.250000	0.769517	0.993319	0.114371	-0.015405	0.000065	0.014516	0.111993
0.526000	9.788995	22.273620	131.250000	0.766406	0.993293	0.114584	-0.015457	0.000065	0.014651	0.112781
0.528000	9.788995	22.372775	131.250000	0.763300	0.993269	0.114786	-0.015525	0.000066	0.014787	0.113577
0.530000	9.788995	22.472264	131.250000	0.760199	0.993245	0.114983	-0.015589	0.000067	0.014924	0.114380
0.532000	9.788995	22.572087	131.250000	0.757103	0.993221	0.115183	-0.015649	0.000068	0.015062	0.115191
0.534000	9.788995	22.672247	131.250000	0.754011	0.993194	0.115408	-0.015707	0.000069	0.015202	0.116010
0.536000	9.788995	22.772743	131.250000	0.750925	0.993169	0.115615	-0.015777	0.000069	0.015344	0.116837
0.538000	9.788995	22.873576	131.250000	0.747843	0.993143	0.115832	-0.015836	0.000070	0.015486	0.117672
0.540000	9.788995	22.974746	131.250000	0.744766	0.993117	0.116044	-0.015903	0.000071	0.015631	0.118515
0.542000	9.788995	23.076256	131.250000	0.741694	0.993091	0.116253	-0.015961	0.000072	0.015776	0.119366
0.544000	9.788995	23.178104	131.250000	0.738626	0.993065	0.116470	-0.016030	0.000073	0.015923	0.120225
0.546000	9.788996	23.280293	140.625000	0.735564	0.993037	0.116697	-0.016098	0.000074	0.016072	0.121094
0.548000	9.788996	23.382822	131.250000	0.732506	0.993011	0.116913	-0.016162	0.000075	0.016222	0.121970
0.550000	9.788996	23.485693	131.250000	0.729453	0.992983	0.117135	-0.016231	0.000076	0.016373	0.122856
0.552000	9.788996	23.588907	131.250000	0.726405	0.992957	0.117353	-0.016281	0.000077	0.016526	0.123750
0.554000	9.788996	23.692463	131.250000	0.723362	0.992930	0.117573	-0.016350	0.000077	0.016681	0.124653
0.556000	9.788996	23.796363	131.250000	0.720323	0.992901	0.117805	-0.016415	0.000078	0.016837	0.125565
0.558000	9.788996	23.900607	131.250000	0.717289	0.992873	0.118032	-0.016485	0.000079	0.016995	0.126487
0.560000	9.788996	24.005197	131.250000	0.714260	0.992845	0.118260	-0.016549	0.000080	0.017154	0.127418
0.562000	9.788996	24.110132	-140.625000	0.711236	0.936835	-0.337676	0.091187	0.000081	0.017315	0.128358
0.564000	9.788996	24.215414	131.250000	0.708216	0.992787	0.118722	-0.016683	0.000082	0.017478	0.129308
0.566000	9.788996	24.321044	131.250000	0.705201	0.992758	0.118958	-0.016745	0.000083	0.017642	0.130267
0.568000	9.788996	24.427022	131.250000	0.702191	0.992729	0.119193	-0.016813	0.000084	0.017808	0.131237
0.570000	9.788996	24.533348	131.250000	0.699185	0.992698	0.119438	-0.016876	0.000085	0.017976	0.132216
0.572000	9.788996	24.640024	131.250000	0.696185	0.992668	0.119682	-0.016940	0.000086	0.018145	0.133206
0.574000	9.788996	24.747051	131.250000	0.693189	0.992638	0.119917	-0.017017	0.000087	0.018317	0.134205
0.576000	9.788996	24.854429	131.250000	0.690197	0.992608	0.120160	-0.017080	0.000089	0.018490	0.135216
0.578000	9.788996	24.962158	131.250000	0.687210	0.992608	0.120160	-0.017080	0.000090	0.018665	0.136236
0.580000	9.788996	25.070240	131.250000	0.684228	0.992546	0.120651	-0.017216	0.000091	0.018842	0.137268
0.582000	9.788996	25.178676	131.250000	0.681251	0.992514	0.120901	-0.017282	0.000092	0.019020	0.138310
0.584000	9.788996	25.287465	131.250000	0.678278	0.992483	0.121149	-0.017356	0.000093	0.019201	0.139363
0.586000	9.788996	25.396609	131.250000	0.675310	0.992451	0.121399	-0.017420	0.000094	0.019383	0.140428
0.588000	9.788997	25.506109	131.250000	0.672347	0.992418	0.121660	-0.017499	0.000095	0.019568	0.141504
0.590000	9.788997	25.615965	131.250000	0.669388	0.992385	0.121914	-0.017563	0.000096	0.019754	0.142591
0.592000	9.788997	25.726178	131.250000	0.666434	0.704507	0.704615	-0.084780	0.000098	0.019943	0.143690
0.594000	9.788997	25.836749	131.250000	0.663485	0.831113	0.555052	-0.034170	0.000099	0.020133	0.144801
0.596000	9.788997	25.947678	131.250000	0.660540	0.992285	0.122696	-0.017763	0.000100	0.020326	0.145923
0.598000	9.788997	26.058967	131.250000	0.657600	0.992252	0.122956	-0.017838	0.000101	0.020520	0.147058
0.600000	9.788997	26.170615	131.250000	0.654664	0.992217	0.123224	-0.017915	0.000102	0.020717	0.148206
0.602000	9.788997	26.282624	131.250000	0.651733	0.992182	0.123494	-0.017985	0.000104	0.020916	0.149366
0.604000	9.788997	26.394994	131.250000	0.648806	0.992147	0.123765	-0.018062	0.000105	0.021117	0.150538
0.606000	9.788997	26.507727	131.250000	0.645884	0.992147	0.123765	-0.018062	0.000106	0.021321	0.151724
0.608000	9.788997	26.620822	131.250000	0.642967	0.992147	0.123765	-0.018062	0.000108	0.021526	0.152922
0.610000	9.788997	26.734281	140.625000	0.640054	0.582397	-0.216111	-0.783651	0.000109	0.021734	0.154134
0.612000	9.788997	26.848105	140.625000	0.637146	0.582397	-0.216111	-0.783651	0.000110	0.021945	0.155360
0.614000	9.788997	26.962293	131.250000	0.634243	0.991967	0.125150	-0.018419	0.000112	0.022158	0.156599
0.616000	9.788997	27.076848	131.250000	0.631344	0.991930	0.125432	-0.018493	0.000113	0.022373	0.157852
0.618000	9.788997	27.191768	131.250000	0.628449	0.093107	-0.167665	0.981437	0.000114	0.022590	0.159119
0.620000	9.788997	27.307057	131.250000	0.625559	0.991854	0.126009	-0.018640	0.000116	0.022810	0.160401
0.622000	9.788997	27.422713	131.250000	0.622674	0.991854	0.126009	-0.018640	0.000117	0.023033	0.161697
0.624000	9.788997	27.538738	131.250000	0.619793	0.991854	0.126009	-0.018640	0.000119	0.023258	0.163008
0.626000	9.788998	27.655132	131.250000	0.616916	0.991854	0.126009	-0.018640	0.000120	0.023486	0.164334
0.628000	9.788998	27.771896	131.250000	0.614044	0.991854	0.126009	-0.018640	0.000121	0.023716	0.165675
0.630000	9.788998	27.889032	131.250000	0.611177	0.991854	0.126009	-0.018640	0.000123	0.023949	0.167032
0.632000	9.788998	28.006539	131.250000	0.608314	0.991617	0.127795	-0.019088	0.000125	0.024185	0.168404
0.634000	9.788998	28.124419	131.250000	0.605456	0.991577	0.128091	-0.019161	0.000126	0.024423	0.169792
0.636000	9.788998	28.242671	131.250000	0.602602	0.991577	0.128091	-0.019161	0.000128	0.024664	0.171197
0.638000	9.788998	28.361298	131.250000	0.599752	0.991577	0.128091	-0.019161	0.000129	0.024908	0.172618
0.640000	9.788998	28.480299	131.250000	0.596907	0.991577	0.128091	-0.019161	0.000131	0.025156	0.174056
0.642000	9.788998	28.599676	131.250000	0.594067	0.991577	0.128091	-0.019161	0.000132	0.025406	0.175511
0.644000	9.788998	28.719428	131.250000	0.591230	0.991577	0.128091	-0.019161	0.000134	0.025658	0.176983
0.646000	9.788998	28.839557	131.250000	0.588399	0.991577	0.128091	-0.019161	0.000136	0.025914	0.178473
0.648000	9.788998	28.960064	131.250000	0.585572	0.991577	0.128091	-0.019161	0.000137	0.026174	0.179980
0.650000	9.788998	29.080949	131.250000	0.582749	0.991577	0.128091	-0.019161	0.000139	0.026436	0.181506
0.652000	9.788998	29.202213	131.250000	0.579930	0.816403	0.566318	0.113001	0.000141	0.026701	0.183050
0.654000	9.788998	29.323857	-150.000000	0.577117	0.799557	0.594341	-0.086413	0.000143	0.026970	0.184613
0.656000	9.788998	29.445881	-140.625000	0.574307	0.767892	-0.358110	-0.531130	0.000144	0.027242	0.186195
0.658000	9.788998	29.568286	-140.625000	0.571502	0.713829	-0.660765	-0.232030	0.000146	0.027517	0.187797
0.660000	9.788999	29.691073	-140.625000	0.568701	0.713829	-0.660765	-0.232030	0.000148	0.027796	0.189418
0.662000	9.788999	29.814242	131.250000	0.565905	0.398493	-0.915007	0.062969	0.000150	0.028078	0.191059
0.664000	9.788999	29.937795	140.625000	0.563113	0.565071	-0.816046	0.121504	0.000152	0.028363	0.192720
0.666000	9.788999	30.061732	-150.000000	0.560326	0.170768	0.977760	0.121754	0.000154	0.028653	0.194402
0.668000	9.788999	30.186053	-140.625000	0.557542	0.614862	0.744813	0.259225	0.000156	0.028945	0.196105
0.670000	9.788999	30.310757	-140.625000	0.554764	0.709579	0.699603	0.083986	0.000158	0.029242	0.197829
0.672000	9.788999	30.435844	-140.625000	0.551989	0.709579	0.699603	0.083986	0.000160	0.029542	0.199575
0.674000	9.788999	30.561316	-140.625000	0.549219	0.709579	0.699603	0.083986	0.000162	0.029846	0.201343
0.676000	9.788999	30.687173	-140.625000	0.546454	0.709579	0.699603	0.083986	0.000164	0.030154	0.203133
0.678000	9.788999	30.813416	-140.625000	0.543692	0.709579	0.699603	0.083986	0.000166	0.030466	0.204945
0.680000	9.788999	30.940045	-140.625000	0.540936	0.709579	0.699603	0.083986	0.000168	0.030782	0.206781
0.682000	9.788999	31.067061	-140.625000	0.538183	0.709579	0.699603	0.083986	0.000170	0.031102	0.208640
0.684000	9.788999	31.194465	140.625000	0.535435	0.928517	0.370663	-0.021553	0.000172	0.031426	0.210523
0.686000	9.788999	31.322257	131.250000	0.532691	0.696438	0.698167	-0.165943	0.000174	0.031754	0.212431
0.688000	9.788999	31.450438	131.250000	0.529951	0.461965	-0.196784	0.864792	0.000177	0.032086	0.214363
0.690000	9.788999	31.579010	131.250000	0.527216	0.461965	-0.196784	0.864792	0.000179	0.032423	0.216320
0.692000	9.788999	31.707971	131.250000	0.524485	0.461965	-0.196784	0.864792	0.000181	0.032765	0.218303
0.694000	9.789000	31.837324	131.250000	0.521759	0.933302	0.359090	0.001299	0.000184	0.033110	0.220312
0.696000	9.789000	31.967068	131.250000	0.519037	0.863696	-0.495402	0.092769	0.000186	0.033461	0.222347
0.698000	9.789000	32.097205	131.250000	0.516319	0.912189	-0.404377	0.066256	0.000188	0.033816	0.224409
0.700000	9.789000	32.227735	131.250000	0.513605	0.890597	-0.445296	0.092462	0.000191	0.034176	0.226499
0.702000	9.789000	32.358659	131.250000	0.510896	0.904198	-0.424955	0.042893	0.000193	0.034540	0.228617
0.704000	9.789000	32.489977	140.625000	0.508191	0.906352	-0.414454	0.082183	0.000196	0.034910	0.230763
0.706000	9.789000	32.621690	-140.625000	0.505490	0.989755	0.141040	-0.022210	0.000198	0.035285	0.232938
0.708000	9.789000	32.753799	-140.625000	0.502793	0.989693	0.141457	-0.022309	0.000201	0.035664	0.235143
0.710000	9.789000	32.886304	-140.625000	0.500101	0.989632	0.141870	-0.022405	0.000204	0.036049	0.237378
0.712000	9.789000	33.019206	-140.625000	0.497413	0.989567	0.142310	-0.022495	0.000206	0.036440	0.239643
0.714000	9.789000	33.152506	-140.625000	0.494729	0.989503	0.142738	-0.022591	0.000209	0.036835	0.241940
0.716000	9.789000	33.286204	-140.625000	0.492050	0.880132	-0.451903	0.145436	0.000212	0.037236	0.244268
0.718000	9.789000	33.420300	-140.625000	0.489375	0.989370	0.143623	-0.022785	0.000215	0.037643	0.246629
0.720000	9.789000	33.554796	-140.625000	0.486704	0.989304	0.144062	-0.022896	0.000217	0.038056	0.249022
0.722000	9.789000	33.689691	-140.625000	0.484037	0.989236	0.144515	-0.022989	0.000220	0.038474	0.251449
0.724000	9.789001	33.824987	-140.625000	0.481375	0.989166	0.144974	-0.023087	0.000223	0.038898	0.253910
0.726000	9.789001	33.960684	-140.625000	0.478717	0.989096	0.145435	-0.023184	0.000226	0.039328	0.256406
0.728000	9.789001	34.096783	-140.625000	0.476063	0.989026	0.145895	-0.023284	0.000229	0.039765	0.258938
0.730000	9.789001	34.233284	-140.625000	0.473413	0.988955	0.146361	-0.023391	0.000232	0.040207	0.261506
0.732000	9.789001	34.370187	-140.625000	0.470767	0.988882	0.146835	-0.023496	0.000235	0.040656	0.264110
0.734000	9.789001	34.507494	-140.625000	0.468126	0.988808	0.147314	-0.023603	0.000239	0.041112	0.266752
0.736000	9.789001	34.645205	-140.625000	0.465489	0.988735	0.147791	-0.023699	0.000242	0.041574	0.269433
0.738000	9.789001	34.783320	-140.625000	0.462856	0.988658	0.148284	-0.023805	0.000245	0.042043	0.272152
0.740000	9.789001	34.921840	-140.625000	0.460228	0.988582	0.148775	-0.023909	0.000249	0.042519	0.274911
0.742000	9.789001	35.060766	-140.625000	0.457603	0.988509	0.149239	-0.024026	0.000252	0.043002	0.277711
0.744000	9.789001	35.200098	-140.625000	0.454983	0.988426	0.149773	-0.024120	0.000255	0.043492	0.280552
0.746000	9.789001	35.339837	-150.000000	0.452367	0.988347	0.150277	-0.024233	0.000259	0.043989	0.283435
0.748000	9.789001	35.479983	-140.625000	0.449755	0.988267	0.150784	-0.024347	0.000262	0.044494	0.286362
0.750000	9.789001	35.620536	-140.625000	0.447147	0.988185	0.151303	-0.024451	0.000266	0.045006	0.289332
0.752000	9.789001	35.761498	-140.625000	0.444544	0.988102	0.151827	-0.024567	0.000270	0.045526	0.292347
0.754000	9.789002	35.902869	-140.625000	0.441945	0.988019	0.152346	-0.024672	0.000273	0.046054	0.295407
0.756000	9.789002	36.044649	-140.625000	0.439350	0.987933	0.152886	-0.024791	0.000277	0.046590	0.298515
0.758000	9.789002	36.186839	-140.625000	0.436759	0.987847	0.153420	-0.024897	0.000281	0.047135	0.301669
0.760000	9.789002	36.329440	131.250000	0.434172	0.987760	0.153965	-0.025015	0.000285	0.047687	0.304873
0.762000	9.789002	36.472451	-140.625000	0.431589	0.987670	0.154519	-0.025125	0.000289	0.048249	0.308126
0.764000	9.789002	36.615875	-140.625000	0.429011	0.987580	0.155077	-0.025244	0.000293	0.048819	0.311429
0.766000	9.789002	36.759710	-140.625000	0.426437	0.119906	-0.188927	0.974643	0.000297	0.049398	0.314784
0.768000	9.789002	36.903957	-140.625000	0.423866	0.987397	0.156201	-0.025484	0.000301	0.049986	0.318192
0.770000	9.789002	37.048618	-140.625000	0.421301	0.987304	0.156769	-0.025599	0.000306	0.050584	0.321654
0.772000	9.789002	37.193692	-140.625000	0.418739	0.987208	0.157352	-0.025725	0.000310	0.051191	0.325170
0.774000	9.789002	37.339181	-140.625000	0.416181	0.987112	0.157932	-0.025844	0.000314	0.051807	0.328743
0.776000	9.789002	37.485084	-140.625000	0.413628	0.987013	0.158525	-0.025966	0.000319	0.052434	0.332373
0.778000	9.789002	37.631403	-140.625000	0.411078	0.986913	0.159130	-0.026089	0.000324	0.053071	0.336062
0.780000	9.789002	37.778138	-140.625000	0.408533	0.986812	0.159737	-0.026206	0.000328	0.053718	0.339811
0.782000	9.789003	37.925288	-140.625000	0.405992	0.986710	0.160343	-0.026334	0.000333	0.054376	0.343621
0.784000	9.789003	38.072856	-140.625000	0.403455	0.986605	0.160964	-0.026469	0.000338	0.055045	0.347493
0.786000	9.789003	38.220841	-140.625000	0.400923	0.986499	0.161594	-0.026584	0.000343	0.055725	0.351430
0.788000	9.789003	38.369243	-140.625000	0.398394	0.986392	0.162224	-0.026732	0.000348	0.056416	0.355432
0.790000	9.789003	38.518064	-140.625000	0.395869	0.986284	0.162856	-0.026848	0.000353	0.057118	0.359500
0.792000	9.789003	38.667304	-140.625000	0.393349	0.986172	0.163514	-0.026990	0.000358	0.057833	0.363637
0.794000	9.789003	38.816962	-140.625000	0.390833	0.986062	0.164154	-0.027117	0.000363	0.058559	0.367844
0.796000	9.789003	38.967040	-140.625000	0.388321	0.985947	0.164822	-0.027245	0.000369	0.059298	0.372123
0.798000	9.789003	39.117538	-140.625000	0.385813	0.985831	0.165490	-0.027390	0.000374	0.060050	0.376474
0.800000	9.789003	39.268457	-140.625000	0.383309	0.985714	0.166165	-0.027524	0.000380	0.060815	0.380900
0.802000	9.789003	39.419796	-140.625000	0.380810	0.985593	0.166856	-0.027662	0.000385	0.061593	0.385403
0.804000	9.789003	39.571557	140.625000	0.378314	0.985473	0.167543	-0.027802	0.000391	0.062384	0.389984
0.806000	9.789003	39.723740	-140.625000	0.375823	0.985342	0.168286	-0.027948	0.000397	0.063189	0.394645
0.808000	9.789003	39.876345	-140.625000	0.373336	0.985224	0.168954	-0.028079	0.000403	0.064009	0.399388
0.810000	9.789004	40.029373	-140.625000	0.370852	0.985096	0.169674	-0.028223	0.000409	0.064843	0.404215
0.812000	9.789004	40.182823	-140.625000	0.368373	0.984967	0.170395	-0.028371	0.000415	0.065692	0.409128
0.814000	9.789004	40.344385	-140.625000	0.365899	0.984835	0.171137	-0.028508	0.000422	0.066556	0.414129
0.816000	9.789004	40.521104	-140.625000	0.363428	0.984702	0.171873	-0.028669	0.000428	0.067435	0.419220
0.818000	9.789004	40.698473	-140.625000	0.360961	0.984565	0.172628	-0.028821	0.000435	0.068331	0.424404
0.820000	9.789004	40.876494	-140.625000	0.358499	0.984426	0.173396	-0.028968	0.000442	0.069243	0.429682
0.822000	9.789004	41.055170	-140.625000	0.356041	0.984286	0.174163	-0.029118	0.000449	0.070172	0.435057
0.824000	9.789004	41.233381	-140.625000	0.353587	0.984143	0.174943	-0.029270	0.000456	0.071118	0.440529
0.826000	9.789004	41.411738	-140.625000	0.351140	0.983999	0.175729	-0.029428	0.000463	0.072081	0.446102
0.828000	9.789004	41.590239	-140.625000	0.348698	0.983851	0.176527	-0.029581	0.000470	0.073062	0.451776
0.830000	9.789004	41.768881	-140.625000	0.346261	0.983700	0.177342	-0.029750	0.000478	0.074061	0.457554
0.832000	9.789004	41.947663	-140.625000	0.343831	0.983547	0.178163	-0.029904	0.000485	0.075078	0.463440
0.834000	9.789004	42.126582	-140.625000	0.341406	0.983391	0.178994	-0.030060	0.000493	0.076114	0.469435
0.836000	9.789005	42.305637	-140.625000	0.338986	0.983232	0.179835	-0.030226	0.000501	0.077170	0.475542
0.838000	9.789005	42.484824	-140.625000	0.336573	0.983070	0.180692	-0.030396	0.000509	0.078246	0.481765
0.840000	9.789005	42.664142	-140.625000	0.334164	0.982905	0.181558	-0.030573	0.000517	0.079342	0.488106
0.842000	9.789005	42.843589	-140.625000	0.331761	0.982739	0.182427	-0.030738	0.000526	0.080459	0.494568
0.844000	9.789005	43.023161	-140.625000	0.329364	0.982569	0.183313	-0.030904	0.000534	0.081598	0.501154
0.846000	9.789005	43.202858	-140.625000	0.326972	0.982394	0.184215	-0.031084	0.000543	0.082759	0.507869
0.848000	9.789005	43.382676	-140.625000	0.324586	0.982218	0.185122	-0.031259	0.000552	0.083943	0.514714
0.850000	9.789005	43.562614	-140.625000	0.322205	0.982038	0.186045	-0.031440	0.000561	0.085149	0.521693
0.852000	9.789005	43.742669	-140.625000	0.319829	0.981854	0.186986	-0.031617	0.000570	0.086380	0.528811
0.854000	9.789005	43.922838	-140.625000	0.317459	0.981666	0.187939	-0.031801	0.000580	0.087635	0.536070
0.856000	9.789005	44.103120	-140.625000	0.315094	0.981476	0.188893	-0.031993	0.000590	0.088916	0.543474
0.858000	9.789005	44.283513	-150.000000	0.312735	0.981282	0.189871	-0.032174	0.000600	0.090222	0.551028
0.860000	9.789006	44.464013	-150.000000	0.310381	0.981086	0.190849	-0.032360	0.000610	0.091555	0.558736
0.862000	9.789006	44.644619	-150.000000	0.308032	0.980884	0.191852	-0.032556	0.000620	0.092915	0.566601
0.864000	9.789006	44.825328	-150.000000	0.305689	0.980677	0.192873	-0.032755	0.000631	0.094304	0.574628
0.866000	9.789006	45.006138	-150.000000	0.303350	0.980468	0.193902	-0.032944	0.000642	0.095721	0.582822
0.868000	9.789006	45.187047	-150.000000	0.301017	0.980253	0.194948	-0.033140	0.000653	0.097167	0.591187
0.870000	9.789006	45.368051	-150.000000	0.298690	0.980036	0.196006	-0.033340	0.000664	0.098645	0.599729
0.872000	9.789006	45.549150	-150.000000	0.296367	0.979812	0.197083	-0.033551	0.000676	0.100153	0.608451
0.874000	9.789006	45.730339	140.625000	0.294050	0.979585	0.198175	-0.033758	0.000688	0.101694	0.617359
0.876000	9.789006	45.911618	140.625000	0.291738	0.979354	0.199277	-0.033968	0.000700	0.103268	0.626459
0.878000	9.789006	46.092983	140.625000	0.289431	0.979118	0.200400	-0.034171	0.000713	0.104876	0.635757
0.880000	9.789006	46.274432	140.625000	0.287129	0.978876	0.201543	-0.034386	0.000725	0.106519	0.645257
0.882000	9.789006	46.455962	140.625000	0.284833	0.978631	0.202694	-0.034605	0.000738	0.108198	0.654966
0.884000	9.789007	46.637572	140.625000	0.282541	0.978380	0.203862	-0.034834	0.000752	0.109915	0.664890
0.886000	9.789007	46.819258	140.625000	0.280255	0.978120	0.205064	-0.035058	0.000766	0.111670	0.675035
0.888000	9.789007	47.001019	140.625000	0.277974	0.977859	0.206272	-0.035276	0.000780	0.113464	0.685409
0.890000	9.789007	47.182851	140.625000	0.275698	0.161120	-0.209271	0.964493	0.000794	0.115299	0.696017
0.892000	9.789007	47.364753	131.250000	0.273428	0.977315	0.208753	-0.035744	0.000809	0.117176	0.706868
0.894000	9.789007	47.546722	131.250000	0.271162	0.977036	0.210015	-0.035976	0.000824	0.119096	0.717969
0.896000	9.789007	47.728756	131.250000	0.268901	0.976750	0.211301	-0.036221	0.000839	0.121060	0.729327
0.898000	9.789007	47.910852	131.250000	0.266646	0.976457	0.212606	-0.036464	0.000855	0.123071	0.740951
0.900000	9.789007	48.093009	131.250000	0.264396	0.165993	-0.210986	0.963292	0.000871	0.125129	0.752848
0.902000	9.789007	48.275224	131.250000	0.262151	0.975850	0.215291	-0.036968	0.000888	0.127235	0.765028
0.904000	9.789007	48.457494	131.250000	0.259910	0.975537	0.216663	-0.037222	0.000905	0.129393	0.777500
0.906000	9.789007	48.639817	131.250000	0.257676	0.975217	0.218051	-0.037476	0.000922	0.131602	0.790273
0.908000	9.789008	48.822191	131.250000	0.255446	0.974888	0.219475	-0.037738	0.000940	0.133865	0.803358
0.910000	9.789008	49.004614	131.250000	0.253221	0.974552	0.220914	-0.038011	0.000959	0.136183	0.816763
0.912000	9.789008	49.187083	131.250000	0.251001	0.974209	0.222376	-0.038277	0.000978	0.138559	0.830500
0.914000	9.789008	49.369595	131.250000	0.248787	0.973857	0.223868	-0.038546	0.000997	0.140994	0.844580
0.916000	9.789008	49.552149	131.250000	0.246578	0.973497	0.225380	-0.038834	0.001017	0.143491	0.859014
0.918000	9.789008	49.734741	131.250000	0.244374	0.973127	0.226923	-0.039112	0.001038	0.146050	0.873814
0.920000	9.789008	49.917369	131.250000	0.242175	0.972749	0.228488	-0.039406	0.001059	0.148675	0.888993
0.922000	9.789008	50.100030	131.250000	0.239981	0.972361	0.230084	-0.039694	0.001080	0.151368	0.904563
0.924000	9.789008	50.282722	131.250000	0.237792	0.971963	0.231709	-0.039992	0.001102	0.154131	0.920539
0.926000	9.789008	50.465442	131.250000	0.235609	0.971553	0.233369	-0.040297	0.001125	0.156966	0.936935
0.928000	9.789008	50.648188	131.250000	0.233430	0.181740	-0.215717	0.959394	0.001148	0.159876	0.953764
0.930000	9.789008	50.830943	131.250000	0.231258	0.970707	0.236756	-0.040916	0.001173	0.162864	0.971042
0.932000	9.789009	51.013681	131.250000	0.229090	0.970267	0.238500	-0.041232	0.001197	0.165932	0.988783
0.934000	9.789009	51.196389	131.250000	0.226928	0.969817	0.240264	-0.041566	0.001223	0.169082	1.007003
0.936000	9.789009	51.379064	131.250000	0.224771	0.969354	0.242070	-0.041887	0.001249	0.172319	1.025719
0.938000	9.789009	51.561703	131.250000	0.222619	0.968877	0.243917	-0.042222	0.001276	0.175644	1.044951
0.940000	9.789009	51.744303	131.250000	0.220473	0.968389	0.245790	-0.042557	0.001304	0.179062	1.064716
0.942000	9.789009	51.926859	131.250000	0.218332	0.967887	0.247699	-0.042903	0.001332	0.182576	1.085035
0.944000	9.789009	52.109368	131.250000	0.216196	0.967370	0.249649	-0.043254	0.001362	0.186188	1.105928
0.946000	9.789009	52.291826	131.250000	0.214067	0.966843	0.251619	-0.043611	0.001392	0.189904	1.127418
0.948000	9.789009	52.474230	131.250000	0.211942	0.966300	0.253635	-0.043978	0.001423	0.193727	1.149527
0.950000	9.789009	52.656576	131.250000	0.209824	0.965741	0.255691	-0.044352	0.001455	0.197661	1.172279
0.952000	9.789009	52.838861	131.250000	0.207710	0.965164	0.257794	-0.044734	0.001488	0.201710	1.195698
0.954000	9.789010	53.021080	131.250000	0.205603	0.964573	0.259930	-0.045121	0.001522	0.205879	1.219812
0.956000	9.789010	53.203230	131.250000	0.203501	0.963963	0.262113	-0.045528	0.001557	0.210173	1.244648
0.958000	9.789010	53.385308	131.250000	0.201405	0.963336	0.264340	-0.045915	0.001594	0.214596	1.270234
0.960000	9.789010	53.567310	131.250000	0.199315	0.962690	0.266611	-0.046324	0.001631	0.219155	1.296602
0.962000	9.789010	53.749233	131.250000	0.197231	0.962026	0.268926	-0.046741	0.001670	0.223853	1.323782
0.964000	9.789010	53.931073	131.250000	0.195152	0.961339	0.271297	-0.047166	0.001710	0.228698	1.351809
0.966000	9.789010	54.112826	131.250000	0.193080	0.960636	0.273703	-0.047598	0.001751	0.233695	1.380717
0.968000	9.789010	54.294490	131.250000	0.191014	0.959906	0.276175	-0.048038	0.001793	0.238851	1.410543
0.970000	9.789010	54.476061	131.250000	0.188953	0.959156	0.278692	-0.048490	0.001837	0.244172	1.441328
0.972000	9.789010	54.657535	131.250000	0.186899	0.958382	0.281262	-0.048953	0.001883	0.249666	1.473110
0.974000	9.789010	54.838909	131.250000	0.184852	0.957582	0.283891	-0.049419	0.001930	0.255339	1.505934
0.976000	9.789011	55.020181	131.250000	0.182811	0.956756	0.286578	-0.049904	0.001978	0.261200	1.539845
0.978000	9.789011	55.201345	131.250000	0.180776	0.955904	0.289325	-0.050392	0.002029	0.267256	1.574890
0.980000	9.789011	55.382400	131.250000	0.178748	0.955022	0.292137	-0.050889	0.002081	0.273517	1.611121
0.982000	9.789011	55.563341	131.250000	0.176727	0.954112	0.295007	-0.051404	0.002134	0.279992	1.648590
0.984000	9.789011	55.744167	131.250000	0.174713	0.953169	0.297947	-0.051925	0.002190	0.286691	1.687353
0.986000	9.789011	55.924872	131.250000	0.172705	0.952195	0.300953	-0.052456	0.002248	0.293623	1.727471
0.988000	9.789011	56.105455	131.250000	0.170705	0.230820	-0.223446	0.946992	0.002308	0.300799	1.769004
0.990000	9.789011	56.285912	131.250000	0.168712	0.950141	0.307184	-0.053574	0.002370	0.308231	1.812020
0.992000	9.789011	56.466240	131.250000	0.166726	0.949058	0.310415	-0.054144	0.002434	0.315931	1.856588
0.994000	9.789011	56.646436	131.250000	0.164748	0.947938	0.313717	-0.054724	0.002501	0.323912	1.902782
0.996000	9.789011	56.826500	131.250000	0.162778	0.946775	0.317106	-0.055335	0.002570	0.332186	1.950681
0.998000	9.789011	57.006427	131.250000	0.160816	0.945569	0.320578	-0.055941	0.002642	0.340769	2.000367
1.000000	9.789012	57.186214	131.250000	0.158861	0.244551	-0.223940	0.943422	0.002716	0.349676	2.051929
1.002000	9.789012	57.365859	131.250000	0.156916	0.943020	0.327777	-0.057224	0.002794	0.358922	2.105458
1.004000	9.789012	57.535688	131.250000	0.154978	0.941674	0.331512	-0.057881	0.002874	0.368525	2.161056
1.006000	9.789012	57.705505	131.250000	0.153049	0.940269	0.335358	-0.058557	0.002958	0.378503	2.218828
1.008000	9.789012	57.875311	131.250000	0.151129	0.938810	0.339300	-0.059258	0.003045	0.388875	2.278886
1.010000	9.789012	58.045103	131.250000	0.149219	0.937295	0.343340	-0.059968	0.003136	0.399663	2.341349
1.012000	9.789012	58.214880	131.250000	0.147317	0.935717	0.347489	-0.060700	0.003230	0.410886	2.406340
1.014000	9.789012	58.384641	131.250000	0.145426	0.934072	0.351756	-0.061463	0.003328	0.422569	2.473995
1.016000	9.789012	58.554383	131.250000	0.143544	0.932360	0.356137	-0.062221	0.003431	0.434735	2.544453
1.018000	9.789012	58.724105	131.250000	0.141673	0.930577	0.360634	-0.063012	0.003538	0.447411	2.617866
1.020000	9.789012	58.893806	131.250000	0.139813	0.928714	0.365261	-0.063827	0.003649	0.460624	2.694394
1.022000	9.789013	59.063483	131.250000	0.137964	0.274955	-0.222583	0.935338	0.003765	0.474404	2.774208
1.024000	9.789013	59.233135	131.250000	0.136126	0.924742	0.374912	-0.065526	0.003887	0.488782	2.857489
1.026000	9.789013	59.402761	131.250000	0.134301	0.922618	0.379957	-0.066397	0.004013	0.503792	2.944431
1.028000	9.789013	59.572360	131.250000	0.132489	0.920405	0.385130	-0.067310	0.004146	0.519468	3.035240
1.030000	9.789013	59.741930	131.250000	0.130690	0.918081	0.390471	-0.068258	0.004284	0.535850	3.130136
1.032000	9.789013	59.911470	131.250000	0.128904	0.915660	0.395948	-0.069222	0.004429	0.552976	3.229354
1.034000	9.789013	60.080978	131.250000	0.127133	0.913113	0.401614	-0.070218	0.004581	0.570891	3.333144
1.036000	9.789013	60.250454	131.250000	0.125377	0.910447	0.407445	-0.071240	0.004739	0.589641	3.441773
1.038000	9.789013	60.419895	131.250000	0.123637	0.907653	0.413450	-0.072282	0.004906	0.609274	3.555524
1.040000	9.789013	60.589301	131.250000	0.121914	0.904719	0.419644	-0.073370	0.005080	0.629844	3.674704
1.042000	9.789013	60.758669	140.625000	0.120209	0.901635	0.426035	-0.074490	0.005263	0.651405	3.799635
1.044000	9.789014	60.927999	140.625000	0.118522	0.898403	0.432607	-0.075653	0.005454	0.674018	3.930665
1.046000	9.789014	61.097289	140.625000	0.116854	0.894994	0.439410	-0.076837	0.005656	0.697746	4.068162
1.048000	9.789014	61.266537	-150.000000	0.115207	0.891408	0.446429	-0.078057	0.005867	0.722658	4.212523
1.050000	9.789014	61.435743	-150.000000	0.113582	0.887632	0.453671	-0.079323	0.006089	0.748827	4.364167
1.052000	9.789014	61.604904	-150.000000	0.111980	0.883656	0.461141	-0.080629	0.006323	0.776328	4.523543
1.054000	9.789014	61.774020	-140.625000	0.110403	0.879460	0.468859	-0.081983	0.006568	0.805246	4.691131
1.056000	9.789014	61.943090	-140.625000	0.108853	0.875026	0.476842	-0.083377	0.006827	0.835668	4.867439
1.058000	9.789014	62.112099	-140.625000	0.107330	0.870347	0.485079	-0.084820	0.007099	0.867687	5.053012
1.060000	9.789014	62.281016	-140.625000	0.105837	0.865404	0.493587	-0.086307	0.007386	0.901404	5.248424
1.062000	9.789014	62.449819	-140.625000	0.104377	0.355975	-0.203151	0.912147	0.007688	0.936923	5.454287
1.064000	9.789014	62.618506	-140.625000	0.102951	0.854626	0.511483	-0.089439	0.008006	0.974356	5.671251
1.066000	9.789015	62.787077	-140.625000	0.101562	0.848755	0.520884	-0.091078	0.008342	1.013822	5.900002
1.068000	9.789015	62.955529	-150.000000	0.100214	0.842530	0.530601	-0.092773	0.008696	1.055447	6.141265
1.070000	9.789015	63.123862	-140.625000	0.098909	0.835922	0.540647	-0.094531	0.009070	1.099360	6.395802
1.072000	9.789015	63.292072	-140.625000	0.097651	0.828910	0.551022	-0.096351	0.009465	1.145701	6.664414
1.074000	9.789015	63.460161	-140.625000	0.096444	0.821458	0.561746	-0.098224	0.009881	1.194614	6.947935
1.076000	9.789015	63.628124	-140.625000	0.095293	0.813528	0.572837	-0.100154	0.010321	1.246247	7.247231
1.078000	9.789015	63.795963	-140.625000	0.094203	0.805091	0.584286	-0.102169	0.010786	1.300755	7.563196
1.080000	9.789015	63.963674	-140.625000	0.093180	0.796113	0.596104	-0.104234	0.011276	1.358297	7.896744
1.082000	9.789015	64.131256	-140.625000	0.092230	0.786528	0.608326	-0.106367	0.011794	1.419031	8.248804
1.084000	9.789015	64.298709	-140.625000	0.091362	0.513844	-0.293444	0.806136	0.012341	1.483118	8.620300
1.086000	9.789015	64.466031	-140.625000	0.090585	0.513844	-0.293444	0.806136	0.012917	1.550714	9.012143
1.088000	9.789015	64.633221	-140.625000	0.089908	0.513844	-0.293444	0.806136	0.013525	1.621972	9.425209
1.090000	9.789016	64.800277	131.250000	0.089343	0.741412	0.661019	-0.115592	0.014165	1.697031	9.860313
