0.117748 0.0321922 1.18442e-05 1.45727e-05 4.45959e-06 3.93463e-06 7.11391e-06 5.86439e-06 2.30899e-05 1.64533e-05 5.75592e-06 1.20943e-06 8.69201e-06 5.66085e-06 5.21842e-07 4.86059e-06 1.25793e-06 8.99398e-06 1.10717e-05 1.9927e-06 5.69576e-06 9.55095e-06 1.28016e-05 5.97693e-06 5.95119e-06 1.16897e-05 1.36144e-05 1.43089e-05 3.74465e-06 7.3388e-06 5.14315e-05 0.0331894
0.0298159 0.00802691 4.81794e-07 2.11746e-05 1.27988e-07 1.81821e-05 1.38498e-05 5.20028e-06 1.52781e-06 1.57006e-06 5.60815e-07 5.19602e-06 3.94891e-06 3.70669e-07 6.11288e-06 1.35659e-05 4.43259e-06 7.04358e-06 6.18699e-06 4.66351e-06 2.79292e-06 8.70684e-06 1.58816e-05 5.17388e-06 6.42864e-06 1.74026e-05 2.63418e-05 2.36044e-05 2.26437e-05 7.61527e-05 1.71641e-05 0.00819081
4.82626e-06 2.41732e-06 7.78866e-06 1.43935e-05 1.13577e-06 1.04283e-05 6.48182e-06 1.2025e-05 7.17074e-06 2.83077e-06 4.56574e-06 5.38475e-06 1.15291e-05 1.72203e-05 2.3331e-05 1.76369e-05 9.7549e-06 5.66421e-06 9.4408e-06 1.09846e-05 1.03995e-05 3.94221e-06 9.59296e-06 4.59463e-06 4.89257e-06 5.55245e-06 1.19819e-05 7.5067e-06 0.000575865 0.00449295 0.00293438 8.25055e-05
1.09441e-05 5.48098e-06 1.70922e-06 4.13236e-07 1.58485e-06 1.37617e-05 3.36659e-05 2.59613e-05 1.16644e-06 5.78358e-06 1.78186e-06 1.36055e-06 4.69668e-06 1.80734e-05 1.01286e-05 4.77297e-06 2.87715e-06 1.23312e-05 1.88805e-05 1.18675e-05 7.37276e-06 8.03947e-06 7.45694e-06 8.53621e-06 1.01515e-05 7.54709e-06 1.0457e-05 2.10849e-06 0.00116159 0.00870589 0.00558523 0.000169819
2.98187e-05 2.86354e-05 1.25549e-05 1.08595e-05 3.91515e-07 1.718e-05 2.51787e-05 9.05779e-06 5.27681e-08 9.37098e-06 4.00582e-06 2.4625e-06 1.51263e-06 9.45105e-07 1.59072e-06 3.4325e-06 1.02762e-05 9.08784e-06 6.45524e-06 8.78798e-06 1.36299e-05 2.76988e-05 2.07402e-05 1.60075e-05 2.97185e-05 1.88274e-05 7.83034e-06 4.34365e-06 0.000183419 0.00100857 0.000664956 2.95892e-05
1.95292e-05 7.33295e-06 2.20645e-06 1.59199e-05 1.45831e-05 4.67508e-06 8.5578e-06 3.7061e-06 1.79702e-06 1.3758e-07 1.23456e-07 7.59957e-06 6.88669e-06 3.2857e-06 1.77846e-06 2.19309e-06 1.06566e-05 4.06401e-06 5.95914e-06 8.19187e-06 6.37504e-06 6.8387e-06 6.50956e-06 2.88081e-05 3.40343e-05 1.75677e-05 1.08067e-05 9.02568e-06 4.07984e-06 1.35634e-05 6.79928e-06 7.95852e-06
1.55966e-05 4.62718e-06 1.58451e-05 2.38574e-05 1.48134e-05 3.96316e-07 9.09653e-06 9.05236e-06 9.87872e-07 2.1689e-06 1.45846e-05 2.52838e-05 6.66457e-06 4.66332e-06 1.46943e-05 8.22885e-06 6.68721e-06 7.63493e-06 6.58925e-06 5.66878e-06 2.98881e-08 1.01716e-05 5.05806e-05 5.95831e-05 2.24855e-05 9.13747e-06 1.50171e-05 5.08591e-06 4.66551e-06 9.97371e-06 7.05435e-06 1.44016e-05
1.4552e-05 2.80926e-06 2.2495e-05 9.2151e-06 1.37461e-06 7.8964e-07 1.73138e-05 1.98277e-05 1.98218e-07 2.26444e-06 8.63661e-06 2.71096e-06 2.48626e-07 1.44071e-05 2.26124e-05 5.14494e-06 3.22556e-06 6.75616e-06 1.19461e-05 1.08647e-05 2.07186e-07 1.23752e-05 4.88805e-05 2.70755e-05 2.10327e-06 6.28765e-06 1.85772e-05 1.74517e-05 1.26821e-05 6.21677e-06 2.08033e-05 2.64712e-05
8.5246e-07 8.30932e-07 4.22854e-06 1.41279e-06 2.649e-08 3.01865e-06 5.41497e-06 7.52411e-06 2.8929e-06 2.62396e-06 7.16008e-06 5.9138e-06 1.10048e-05 2.04497e-05 1.2737e-05 1.28574e-05 4.30662e-05 4.72114e-05 2.07005e-05 3.94488e-06 3.99605e-06 5.50472e-06 6.04486e-06 1.98272e-06 8.8784e-06 1.32099e-05 2.00804e-05 1.51198e-05 2.14515e-05 6.21645e-06 3.51199e-07 1.16037e-06
1.84422e-05 1.0232e-06 7.97063e-07 5.80909e-07 1.57825e-08 4.81106e-06 5.75891e-06 4.35571e-06 1.19528e-05 1.00875e-05 1.21092e-05 1.18331e-05 2.52601e-05 3.93767e-05 2.78505e-05 1.50323e-05 3.84309e-05 4.48213e-05 1.19391e-05 8.91723e-07 1.89223e-06 1.69444e-06 9.18428e-07 5.86536e-06 2.14104e-05 2.21431e-05 1.70686e-05 8.82351e-06 6.16214e-06 5.50203e-06 9.78921e-06 3.74067e-05
4.75018e-05 6.16341e-06 8.42427e-07 1.76988e-06 5.38059e-06 9.22322e-06 5.46855e-06 2.54357e-06 1.05273e-05 1.50684e-05 3.63996e-06 1.29567e-06 7.65572e-06 2.25687e-05 2.11686e-05 3.93351e-06 7.70405e-06 2.23747e-05 1.0301e-05 2.34604e-06 7.98729e-07 2.7375e-06 6.5972e-06 7.20942e-06 2.15352e-05 1.99488e-05 1.61403e-05 1.50902e-06 7.90976e-06 4.34198e-06 1.09703e-05 7.55127e-05
4.48289e-05 2.61204e-05 1.67566e-05 1.12837e-05 1.81732e-06 5.46636e-06 2.56559e-06 9.24826e-07 5.9047e-06 8.36787e-06 1.22456e-06 4.43707e-07 1.57816e-06 7.60453e-06 1.36931e-05 4.98135e-06 9.6083e-06 3.25292e-05 2.30738e-05 1.79076e-05 5.41952e-06 9.65717e-06 1.91528e-05 2.28607e-06 4.24152e-06 1.13519e-05 1.38437e-05 8.58409e-08 9.76116e-06 2.73858e-06 4.65317e-06 4.02525e-05
1.46587e-05 2.65761e-05 3.39291e-05 1.99497e-05 1.99539e-06 2.4076e-06 1.51643e-06 4.17738e-06 2.05084e-05 1.1932e-05 8.86238e-06 3.69744e-06 7.19923e-06 1.72106e-05 1.82656e-05 1.50929e-05 1.70615e-06 2.27853e-05 6.29665e-05 0.000102857 3.9001e-05 3.40778e-06 1.83463e-05 2.4908e-06 9.36615e-07 1.20102e-05 2.85178e-06 5.84601e-06 5.00684e-06 5.66456e-06 1.48571e-05 1.4098e-05
1.67109e-06 1.37983e-05 2.16606e-05 1.06389e-05 3.2863e-06 8.9943e-07 2.49316e-07 1.05213e-05 6.3983e-05 7.30577e-05 5.11934e-05 1.69107e-05 9.87237e-06 1.40492e-05 1.31692e-05 2.09523e-05 2.87534e-05 3.17934e-05 0.000243263 0.000385996 6.26543e-05 3.82338e-06 1.33867e-05 5.47612e-07 2.40975e-05 4.03668e-05 3.96672e-06 7.58016e-06 3.86719e-06 2.17527e-05 2.51138e-05 1.39019e-05
8.25749e-06 5.87089e-05 3.42504e-05 5.0637e-06 1.72051e-06 2.3936e-06 1.17543e-06 7.10164e-06 4.2786e-05 8.60771e-05 0.000105338 4.28063e-05 2.06281e-06 1.17674e-07 3.02125e-06 9.20149e-06 1.23501e-05 1.55075e-05 0.000199165 0.000296606 4.11076e-05 1.70956e-05 1.55429e-05 2.2161e-06 1.489e-05 2.06386e-05 2.02772e-06 3.23039e-06 9.85558e-07 7.76049e-07 5.13449e-06 4.83608e-06
3.85135e-05 7.98836e-05 3.96071e-05 1.84337e-05 2.05493e-05 9.36e-06 6.76423e-07 4.20083e-06 2.14334e-05 6.63109e-05 6.21878e-05 5.32212e-06 8.69495e-06 1.05456e-05 1.10327e-05 1.28642e-05 1.41203e-06 1.97507e-06 1.81867e-05 1.29002e-05 3.97623e-06 1.9911e-05 5.42743e-06 5.67997e-06 5.38934e-06 4.1787e-06 2.57548e-06 7.12417e-06 6.83362e-06 5.95338e-06 3.28929e-06 5.68324e-06
4.20075e-05 2.59705e-05 4.79443e-06 6.84662e-06 1.76963e-05 1.03932e-05 3.54239e-06 2.24959e-06 1.06724e-05 2.69167e-05 2.67649e-05 1.38852e-05 3.40606e-06 4.85577e-06 3.53075e-06 8.73566e-06 7.29012e-06 3.80553e-06 9.30426e-06 1.12619e-05 2.55712e-06 9.61363e-06 3.04767e-06 1.11927e-05 2.34881e-05 3.26031e-06 1.3883e-05 1.54264e-05 8.83264e-06 5.02868e-06 1.42471e-06 2.4582e-05
1.7326e-05 2.87596e-06 9.4731e-08 3.23673e-06 1.62632e-05 1.55789e-05 9.14965e-06 7.89118e-06 1.07999e-05 4.88104e-06 7.63343e-06 1.04067e-05 1.89396e-05 2.44218e-05 1.2008e-05 9.84828e-07 1.27329e-05 1.18934e-05 1.01876e-05 4.67076e-06 1.21564e-05 2.16872e-05 5.81083e-06 4.14951e-06 1.81351e-05 3.91348e-06 1.22284e-05 2.25591e-05 2.7699e-06 2.13398e-06 4.76821e-07 2.0812e-05
5.17264e-07 1.24484e-06 3.55503e-06 2.29232e-06 7.25418e-07 7.49403e-07 9.66354e-06 1.18594e-05 5.15819e-06 1.35602e-06 2.23974e-05 1.541e-05 1.06314e-06 4.93523e-06 6.146e-06 2.30175e-06 6.25317e-06 7.49471e-06 1.78322e-06 4.399e-06 2.42793e-05 3.72009e-05 1.87872e-06 2.18523e-06 2.69635e-06 3.31052e-06 2.43363e-06 3.69566e-05 5.13638e-05 1.22358e-05 3.13064e-06 3.70491e-06
2.48457e-06 5.44972e-06 2.70546e-06 1.26382e-06 1.62487e-05 5.47422e-06 8.86711e-07 1.74616e-06 1.22622e-05 1.55813e-05 3.32986e-05 1.92848e-05 1.84681e-05 6.91702e-06 1.09414e-06 1.6487e-07 3.51765e-06 6.59611e-06 6.01947e-07 9.9716e-07 1.06641e-05 8.72183e-06 3.50187e-06 1.67094e-05 4.58827e-06 9.98705e-06 1.46664e-05 3.34579e-05 4.52001e-05 2.22677e-05 1.54917e-05 9.27985e-06
5.59563e-06 6.74969e-06 2.68879e-06 4.15685e-06 7.86301e-06 8.49341e-06 2.02662e-06 6.01485e-06 2.13193e-05 1.46901e-05 1.53583e-05 3.48527e-06 3.29803e-05 2.43828e-05 1.50424e-07 1.81482e-06 1.33589e-05 8.28279e-06 9.19923e-07 5.0992e-06 4.54884e-06 6.08012e-06 3.51844e-05 4.77725e-05 1.24958e-05 9.00909e-06 4.7092e-05 5.36294e-05 3.23746e-05 1.87308e-05 2.7128e-05 1.20996e-05
9.10081e-06 2.28315e-05 2.36932e-05 4.92278e-06 1.30321e-06 1.8138e-07 8.99764e-06 1.55005e-05 4.3617e-06 2.17899e-06 1.8191e-05 2.83777e-05 1.13094e-05 6.79286e-06 5.01338e-06 2.76494e-06 1.10113e-05 5.59858e-07 2.3264e-05 1.40993e-05 4.39358e-06 2.10516e-05 2.98733e-05 3.22086e-05 3.57523e-05 8.51792e-06 2.46159e-05 2.7931e-05 1.95346e-05 1.38127e-05 1.19571e-05 2.02725e-06
9.93223e-06 3.35988e-05 5.22701e-05 2.52957e-05 6.84595e-06 1.26126e-05 6.97277e-05 5.08389e-05 3.58041e-06 6.28651e-06 1.46783e-05 2.38411e-05 3.2696e-05 2.03002e-05 8.80067e-06 1.14602e-05 7.08665e-06 7.42655e-06 5.05195e-05 3.19132e-05 8.04168e-06 1.50964e-05 2.50712e-06 2.8688e-06 1.64365e-06 1.95804e-06 2.23948e-06 3.1584e-06 1.30239e-06 5.18815e-07 6.15537e-07 7.42919e-07
1.84595e-06 1.1877e-06 1.21588e-05 1.43612e-05 6.88083e-06 1.07123e-05 2.68094e-05 2.05853e-05 1.5348e-06 1.20293e-06 3.8059e-07 1.72356e-07 9.63059e-06 1.15266e-05 3.81835e-06 1.38347e-06 3.17566e-06 3.67738e-06 1.89845e-05 1.37417e-05 8.89832e-06 1.21389e-05 1.24023e-06 1.45132e-05 2.56879e-05 1.13246e-05 4.30028e-06 1.2345e-05 1.32057e-05 2.54499e-06 3.68789e-07 1.49364e-06
1.73263e-05 4.60617e-06 1.49779e-06 4.5311e-06 5.78002e-06 1.24258e-05 4.67407e-07 2.34347e-05 0.000114798 4.6144e-05 1.29385e-05 2.16537e-06 3.40944e-06 2.85942e-06 5.01324e-06 2.05798e-06 5.83867e-06 1.54629e-06 7.01226e-06 1.37484e-05 1.36889e-05 7.26665e-07 3.34763e-06 3.9829e-06 1.69568e-05 2.51171e-05 3.03423e-05 2.49955e-05 1.35749e-05 2.18494e-06 1.83726e-06 1.4129e-05
5.58336e-05 3.74678e-05 1.41613e-05 1.09767e-05 1.20796e-05 4.65673e-06 5.71369e-06 5.90596e-05 0.000167276 6.17979e-05 1.84338e-06 5.8543e-06 7.56582e-06 4.15373e-06 8.82867e-06 1.155e-06 1.5771e-05 1.26695e-05 3.35279e-06 1.53389e-05 1.21372e-05 2.55419e-07 9.48533e-06 2.39423e-05 2.36693e-05 2.12136e-05 1.97202e-05 2.52134e-05 2.72046e-05 1.00379e-05 6.24674e-06 1.98239e-05
7.58407e-05 7.03028e-05 2.85404e-05 1.61596e-05 1.09033e-05 4.99169e-06 2.90088e-05 3.33701e-05 2.26987e-05 8.80138e-06 5.89969e-06 1.25254e-05 1.21533e-05 6.67208e-06 7.64681e-06 1.10124e-06 4.18534e-06 8.91746e-06 8.6242e-06 1.15533e-05 1.53844e-05 7.33059e-06 3.43341e-06 1.67119e-06 1.6347e-06 5.89861e-06 1.14644e-05 1.33462e-05 1.52417e-05 4.46247e-06 1.86666e-06 2.41572e-05
2.91288e-05 1.12736e-05 8.81633e-06 1.2491e-05 4.08988e-06 1.43174e-05 5.08863e-05 3.91488e-05 1.08246e-05 1.51206e-06 8.93367e-06 3.0967e-05 2.18875e-05 1.35351e-06 3.46972e-06 4.16248e-06 8.39475e-06 6.23346e-06 3.36345e-06 6.12282e-06 9.74376e-06 5.19959e-06 3.66359e-05 2.1156e-05 1.15008e-06 5.04228e-06 7.81584e-06 9.63748e-06 1.45778e-05 1.95575e-05 2.61481e-07 2.19299e-05
7.07515e-06 1.01661e-05 2.83498e-05 2.5466e-05 1.21879e-05 3.30456e-06 6.2952e-06 1.32122e-05 1.32999e-05 5.37934e-06 5.69034e-06 1.94155e-05 2.03957e-05 2.166e-06 2.42643e-06 8.04433e-06 9.22087e-06 2.48926e-05 8.42915e-06 3.66558e-07 1.21154e-05 8.6973e-06 3.70935e-05 2.57935e-05 4.45287e-07 9.44488e-07 5.5127e-06 2.24244e-06 1.21259e-05 2.1944e-05 5.83598e-07 7.85427e-06
9.58855e-07 1.22092e-05 3.44829e-05 2.52673e-05 1.82019e-05 1.1437e-05 1.18203e-05 2.58452e-06 1.84955e-08 1.94993e-06 7.04898e-06 1.36248e-05 1.69668e-05 3.99541e-06 1.18584e-06 3.4119e-06 2.34385e-06 3.49836e-05 1.83613e-05 6.4839e-06 1.03627e-05 2.06421e-05 6.75488e-06 5.90484e-07 1.2186e-06 5.76595e-06 1.35525e-05 4.8721e-06 2.38537e-06 7.40654e-06 8.68442e-07 7.43513e-07
1.54061e-06 3.6579e-05 2.12971e-05 6.5424e-06 2.86507e-06 1.32169e-05 2.18258e-05 1.88907e-05 9.89728e-06 4.80227e-06 1.50625e-06 1.29862e-06 1.27502e-06 3.11933e-06 4.62314e-06 1.06828e-05 3.59798e-07 8.63639e-06 5.96806e-06 6.06626e-06 4.30778e-06 2.82e-06 1.5648e-05 8.17876e-06 5.24856e-07 4.63603e-06 1.19235e-07 1.87994e-06 1.45803e-05 6.82115e-06 6.78677e-06 1.51101e-05
6.45206e-06 3.87278e-05 2.64194e-05 3.00659e-06 1.03275e-05 1.72426e-05 6.55934e-06 1.17335e-05 3.28595e-05 2.26535e-05 2.19265e-06 2.7216e-05 1.77569e-05 2.67854e-06 4.46364e-06 5.86342e-06 7.19103e-07 4.67967e-07 3.28656e-06 7.65088e-06 4.15658e-06 1.87272e-06 1.98846e-05 1.45531e-05 1.89507e-06 1.65146e-05 2.7953e-05 1.15512e-05 2.21488e-05 1.93452e-05 4.20162e-05 2.56552e-05
1.2362e-05 2.15673e-05 2.52414e-05 1.74046e-05 1.92708e-05 1.95039e-05 1.07759e-06 2.40823e-05 6.82843e-05 3.55595e-05 6.76976e-06 1.40683e-05 1.95025e-05 3.71224e-06 7.27894e-06 1.43166e-05 9.14751e-07 1.31854e-06 7.00672e-06 5.76752e-06 2.87961e-06 2.14528e-06 6.62524e-06 7.13887e-06 4.56353e-07 1.85722e-05 4.57912e-05 2.67089e-05 1.0565e-06 1.91945e-05 3.39331e-05 1.63545e-05
7.1996e-06 3.08119e-06 3.57696e-06 6.46717e-06 1.08861e-05 7.83214e-06 8.75108e-07 1.11332e-05 3.62421e-05 3.35904e-05 3.64462e-06 9.71841e-06 3.5716e-05 1.0091e-05 2.50327e-06 8.39477e-07 3.44508e-06 6.00746e-06 3.45529e-06 1.65367e-06 6.49152e-06 1.78885e-06 1.9876e-06 2.97741e-07 1.19084e-06 4.04433e-07 3.40159e-06 1.0446e-05 3.53486e-06 1.20801e-05 2.43698e-05 8.78686e-06
1.03046e-06 9.95205e-07 8.84058e-07 8.12611e-06 6.57145e-06 9.2983e-06 8.42727e-06 6.17427e-07 2.49782e-05 1.67039e-05 8.20279e-06 1.7818e-05 2.61396e-06 5.96495e-06 1.15199e-05 2.6333e-05 2.2018e-05 5.21693e-06 2.2808e-06 1.4931e-06 2.98747e-07 4.10756e-06 2.95166e-06 4.42535e-08 6.24841e-06 1.54963e-05 1.09083e-05 1.40587e-05 7.18241e-06 1.99738e-06 4.37464e-06 3.90503e-06
5.85508e-06 2.54166e-06 1.12756e-06 4.41233e-06 5.31076e-06 1.10898e-05 6.74731e-06 9.19213e-06 1.67302e-05 1.9536e-06 3.99687e-06 5.53364e-07 4.86754e-07 1.4265e-06 1.57436e-05 1.33525e-05 9.62632e-06 8.98486e-06 3.20886e-07 6.13976e-06 2.93158e-06 7.0524e-06 4.79243e-07 9.52082e-08 6.17601e-06 2.88004e-05 2.09432e-05 1.66027e-05 1.53483e-05 9.9861e-05 3.6328e-05 8.94853e-06
1.41168e-05 2.39219e-06 1.98872e-06 1.15742e-05 2.18168e-05 6.36678e-06 2.70866e-06 8.40993e-06 1.89367e-06 6.87871e-06 2.42036e-06 8.19358e-06 3.61264e-05 9.52989e-06 1.14153e-06 5.56858e-06 8.54667e-07 3.70749e-06 2.32293e-06 1.86568e-05 8.86548e-06 1.1096e-06 8.5608e-07 1.14957e-05 1.19775e-05 2.01366e-05 1.97843e-05 9.07183e-06 6.78009e-06 9.93575e-05 1.81882e-05 2.65829e-05
1.20064e-05 2.3488e-05 2.16958e-06 5.40724e-06 1.04435e-05 3.63697e-06 1.20363e-05 2.33616e-05 1.14898e-05 1.57084e-05 3.09759e-07 9.61215e-06 6.24742e-06 5.74545e-06 6.29118e-07 6.44106e-06 8.60719e-06 3.6561e-06 1.19404e-06 2.59923e-06 3.88558e-06 3.8576e-06 2.30259e-06 2.01225e-05 1.0128e-05 6.93172e-06 1.44543e-05 5.85642e-07 8.45088e-07 1.38997e-05 2.63205e-07 8.52166e-07
8.81524e-05 5.63033e-05 9.96788e-06 1.02547e-05 2.78775e-05 1.72367e-05 1.54716e-05 2.59284e-05 1.89589e-05 5.44452e-06 2.74818e-06 2.37085e-05 2.43105e-05 2.95502e-06 8.24606e-07 5.13704e-06 5.37807e-06 3.71963e-07 6.68017e-06 3.34815e-05 7.69266e-05 5.25922e-05 3.72796e-06 2.70099e-06 1.53769e-06 2.19021e-05 2.48478e-05 3.21165e-06 4.81952e-06 2.23572e-06 1.00366e-05 4.00429e-05
3.76052e-05 1.46107e-05 1.58873e-05 2.43298e-06 2.17881e-05 2.41794e-05 1.08939e-05 1.39982e-05 2.03074e-05 2.10862e-06 1.1078e-05 1.2249e-05 7.196e-06 1.45874e-06 1.00342e-06 5.90377e-06 8.34891e-06 8.03828e-06 2.00718e-05 3.4058e-05 6.44606e-05 5.09279e-05 2.67017e-05 2.20986e-06 7.87217e-06 2.08471e-05 7.33349e-06 3.78753e-06 3.14218e-06 5.11178e-07 8.18175e-06 4.75553e-05
3.82898e-06 3.14572e-06 1.03538e-06 5.07689e-07 8.93639e-06 1.48462e-05 1.35608e-05 1.78811e-05 1.3827e-05 4.2959e-06 2.98758e-05 1.88888e-05 8.90747e-06 4.12342e-06 8.60971e-06 2.50701e-06 6.30434e-06 1.74136e-05 2.15678e-05 7.94615e-06 3.74862e-06 2.00355e-05 8.57808e-05 1.98627e-05 9.84276e-06 1.16924e-05 1.70638e-06 4.51314e-06 3.31724e-06 6.25325e-07 6.1634e-06 4.63871e-06
1.50039e-05 1.10285e-05 8.50239e-06 2.20529e-06 1.88256e-06 5.67095e-06 6.16449e-06 8.9425e-06 8.85189e-06 2.7713e-06 1.36767e-05 4.0415e-06 2.77725e-05 9.54438e-06 2.4834e-05 5.52313e-06 2.86289e-06 2.5891e-05 3.00514e-05 6.36086e-06 3.00229e-06 9.424e-07 4.754e-05 2.76252e-05 9.56449e-06 1.48033e-06 6.9412e-07 1.20133e-07 1.51489e-07 3.0995e-06 8.94919e-06 6.58864e-06
7.37561e-06 2.53157e-05 1.6601e-05 8.45116e-06 4.66098e-06 1.10613e-05 4.1882e-06 1.65993e-06 1.61589e-06 4.09388e-06 3.08952e-06 6.69342e-06 1.26066e-05 1.7328e-05 2.87142e-05 1.28077e-05 1.88466e-06 3.08069e-06 1.51029e-05 1.21197e-05 2.75394e-06 4.37664e-06 2.29248e-05 1.28711e-05 1.08047e-07 4.16661e-06 2.11887e-06 5.92256e-06 8.35006e-06 1.31535e-06 1.18709e-05 6.4236e-06
1.56422e-06 1.4404e-06 1.30425e-05 2.02414e-05 9.58518e-06 3.74699e-05 3.49382e-06 5.99449e-06 8.32402e-06 1.3572e-05 9.33989e-06 1.78217e-05 6.26427e-06 6.43452e-06 2.26139e-05 2.44305e-05 1.47665e-05 3.68495e-06 2.39873e-06 1.65328e-05 2.48306e-05 3.54185e-06 6.38413e-06 1.29009e-06 1.93743e-05 1.2898e-05 2.05027e-05 2.9455e-05 2.62106e-05 3.38396e-06 6.74135e-06 5.5071e-06
5.86724e-07 1.32545e-05 1.54264e-05 1.20759e-05 1.28534e-06 1.20513e-05 1.77535e-06 1.13033e-05 5.82895e-06 6.34859e-06 3.8463e-06 1.54831e-05 4.52184e-05 6.01856e-05 9.35721e-06 2.5025e-06 2.38141e-06 2.68467e-06 2.48705e-06 1.57974e-06 2.34075e-06 8.89872e-07 5.24872e-06 6.05539e-06 3.85744e-05 3.3468e-05 2.62718e-05 1.75962e-05 7.2877e-07 2.77947e-06 7.17899e-06 1.0337e-05
3.37897e-06 1.20989e-05 3.25221e-06 4.63416e-06 5.85817e-06 4.5891e-06 2.79384e-06 1.20268e-05 1.77299e-05 4.43041e-06 5.71504e-06 2.23275e-05 4.20041e-06 2.79917e-05 2.66496e-06 7.86815e-06 2.43576e-06 4.71394e-06 1.55244e-05 4.03753e-05 2.29489e-05 3.46246e-06 3.39741e-06 9.37491e-06 2.77465e-05 6.82287e-06 1.81315e-06 5.6876e-07 1.21767e-05 1.88801e-05 5.98587e-06 2.29167e-06
2.44718e-06 8.60943e-06 6.31882e-06 1.45158e-05 5.86043e-06 1.18625e-06 6.00169e-06 1.2485e-05 2.70261e-05 1.85648e-05 2.40619e-06 1.32979e-05 5.39779e-05 2.78437e-05 2.3793e-07 1.17016e-05 6.15427e-06 2.70411e-05 6.80827e-05 6.7604e-05 8.9418e-06 1.27576e-05 1.25695e-06 8.57377e-06 3.07174e-06 1.01176e-06 3.63362e-06 1.04095e-05 5.51859e-06 6.49045e-06 7.82876e-06 2.87236e-06
2.43346e-06 2.57412e-05 1.93498e-05 1.71613e-05 2.00584e-06 1.37325e-05 7.3354e-06 1.56379e-06 7.65945e-06 1.4318e-05 1.16065e-05 1.24861e-05 4.8107e-06 1.37088e-05 6.10079e-07 1.90304e-05 1.45628e-05 3.65337e-05 7.79223e-05 3.6859e-05 5.5763e-06 1.36264e-05 4.81101e-06 6.17489e-06 1.6552e-07 1.25798e-06 8.01856e-07 4.12354e-06 1.00131e-05 3.40679e-06 6.37968e-06 4.46727e-06
8.11557e-06 4.11785e-05 1.54841e-05 1.14961e-05 3.15415e-06 1.94241e-05 6.0475e-07 5.97543e-06 3.98728e-07 6.58372e-06 1.12097e-05 3.26073e-05 9.69931e-05 4.34729e-05 4.25345e-06 6.00862e-06 1.25162e-05 1.42001e-05 2.1531e-05 1.52526e-05 1.53434e-05 2.3388e-05 6.7491e-06 1.62032e-06 5.96158e-06 2.53534e-06 1.08937e-06 1.80682e-06 7.6289e-06 1.38409e-05 2.13684e-05 9.03865e-06
1.45688e-05 1.92362e-05 7.78304e-06 6.63153e-06 7.67874e-06 1.75824e-05 1.28279e-06 8.79207e-06 9.18196e-06 5.67832e-06 6.6162e-06 1.64805e-05 2.49101e-06 1.22762e-05 1.07293e-05 9.59078e-07 1.00109e-05 5.92354e-06 4.12597e-06 8.06247e-06 1.61667e-05 2.17751e-05 2.63787e-06 3.33308e-06 5.90857e-06 1.66376e-06 4.76873e-07 1.51681e-06 5.4461e-06 9.16542e-06 1.56416e-05 1.18927e-05
1.19644e-05 1.09349e-07 1.85089e-05 1.10679e-05 5.74183e-06 2.58175e-05 1.5517e-05 1.1834e-05 2.13545e-05 1.19745e-05 1.39921e-06 2.68058e-05 3.12577e-05 5.00286e-06 4.61531e-07 3.124e-06 4.23095e-06 4.59594e-06 1.54254e-06 7.15679e-06 1.9782e-05 1.23485e-05 2.32228e-06 3.94843e-07 2.70135e-06 7.18074e-06 4.24371e-06 1.17079e-06 7.7084e-06 2.02496e-05 1.0091e-05 1.09964e-05
7.23241e-06 1.32388e-05 3.50462e-05 1.99098e-05 2.36149e-05 3.57621e-05 2.82502e-05 3.43797e-05 1.69261e-05 3.14987e-06 1.19754e-05 4.38623e-05 3.90936e-05 1.58343e-06 2.15165e-06 1.79582e-06 2.07177e-06 3.32415e-06 1.0087e-05 3.67256e-05 2.09072e-05 1.35053e-05 1.62317e-05 1.09895e-06 2.977e-07 6.82593e-06 6.98279e-06 4.54986e-07 2.20613e-06 1.19733e-05 8.43399e-06 1.10909e-05
1.2348e-06 2.76145e-06 3.5586e-06 2.16573e-06 1.25108e-05 1.75236e-05 2.425e-05 4.17734e-05 2.03331e-05 3.89845e-06 2.53205e-06 4.29909e-05 7.32003e-05 1.37037e-05 1.53277e-06 9.25701e-06 1.10821e-05 1.51866e-05 1.62011e-05 3.22433e-05 7.14117e-06 8.35392e-06 6.72886e-06 2.98426e-06 6.48083e-06 1.01452e-05 1.61573e-06 1.17968e-05 1.50549e-05 2.82757e-06 1.16228e-06 8.71465e-07
1.17997e-05 9.80081e-06 8.71844e-06 1.67712e-05 1.22549e-05 5.93625e-06 6.39353e-06 3.75529e-06 9.61308e-06 3.28189e-05 6.39216e-06 6.23352e-05 8.2728e-05 2.45568e-06 2.05282e-05 3.95959e-05 1.52581e-05 3.91037e-06 1.10902e-05 4.35919e-06 1.3012e-05 2.10849e-05 8.67693e-06 6.03199e-07 2.72482e-05 2.16035e-05 1.79081e-05 5.20958e-05 2.31631e-05 1.90398e-06 4.48386e-06 3.47508e-06
1.61525e-05 1.46251e-05 1.11538e-05 2.01835e-05 1.86535e-05 1.2592e-05 2.33944e-05 2.91343e-05 1.86968e-05 5.0515e-05 3.30779e-05 4.02562e-05 3.95548e-05 2.0765e-05 3.16605e-05 3.19962e-05 7.95368e-07 7.89104e-06 8.31767e-07 6.27937e-07 1.58823e-05 3.74678e-05 2.13653e-05 4.58955e-06 2.32475e-05 2.50159e-05 1.56396e-05 4.10244e-05 1.34921e-05 1.39925e-06 4.93373e-07 1.26561e-06
3.29069e-06 1.21707e-05 1.01151e-05 8.75583e-06 2.54274e-05 2.05789e-05 1.54215e-05 1.03604e-05 1.28056e-05 2.04194e-05 1.79275e-05 9.20972e-05 0.000118202 7.91547e-06 3.51758e-06 5.99065e-06 1.35655e-05 3.15657e-05 3.39939e-05 6.75504e-06 2.81128e-06 1.07389e-05 8.03001e-06 1.82403e-06 1.53548e-06 5.18639e-06 6.61381e-06 1.95322e-05 1.45656e-05 1.56319e-06 1.94331e-06 7.29563e-07
5.55738e-06 1.33419e-05 5.35644e-06 1.74388e-05 4.47989e-05 1.90147e-05 9.93879e-06 7.39493e-06 5.23201e-07 5.3198e-06 1.40419e-05 0.000126204 0.000149416 9.57157e-06 2.3134e-06 4.12492e-06 5.26037e-06 2.03875e-05 4.64855e-05 1.59057e-05 2.47084e-06 5.27847e-06 1.88639e-06 4.74123e-07 5.87052e-06 2.19565e-06 2.73067e-06 1.39209e-05 8.63087e-06 1.5514e-06 2.4436e-06 4.49896e-06
5.26553e-06 9.71477e-06 3.63853e-06 1.28392e-05 2.90586e-05 1.17011e-05 4.39832e-06 4.33167e-06 2.07223e-05 2.37516e-05 1.09567e-05 0.000115206 0.000173343 3.77339e-05 1.20143e-05 1.18159e-06 1.61354e-06 3.53571e-06 7.27006e-06 9.20901e-06 1.69784e-05 1.78469e-05 4.00832e-07 2.6603e-06 4.82112e-06 5.24687e-06 1.07551e-05 1.46885e-05 4.28227e-06 8.47202e-06 2.79573e-06 2.39393e-06
1.24431e-05 1.07462e-05 1.80868e-06 5.71965e-06 5.33032e-07 4.91348e-06 8.19712e-08 5.32519e-06 2.4152e-06 5.62605e-07 3.65153e-05 0.000182437 0.000111159 7.62115e-06 3.47933e-06 5.65211e-06 3.22254e-06 1.59094e-05 7.83548e-07 2.51515e-06 1.84843e-05 1.18575e-05 6.02868e-06 1.79292e-05 4.82871e-06 9.10189e-06 1.46467e-05 1.83734e-05 7.18674e-06 1.772e-06 8.34858e-06 4.07327e-06
8.79296e-07 1.14601e-06 8.10567e-06 4.37176e-06 4.57776e-06 6.09729e-06 2.22921e-06 6.18068e-06 1.72677e-05 2.41446e-05 3.03618e-06 0.000203487 0.00030012 3.33195e-05 1.30006e-05 6.95377e-07 6.20385e-06 1.64841e-05 1.2507e-05 1.45669e-05 7.26735e-06 1.50647e-06 2.74065e-05 2.10437e-05 7.23551e-07 6.11684e-06 1.51746e-06 3.66676e-06 1.77447e-06 9.98095e-06 1.42403e-05 1.69991e-06
1.94911e-06 1.85218e-06 1.04313e-05 4.35517e-05 3.40741e-05 1.13758e-05 1.57764e-06 4.08922e-06 1.74541e-05 2.11247e-05 1.70696e-05 0.000186227 0.000262613 6.8764e-05 3.26524e-05 3.48381e-05 1.2938e-05 9.72011e-06 2.88595e-05 2.39367e-05 1.25581e-06 1.63964e-05 2.94704e-05 1.75017e-05 7.51712e-06 8.10676e-06 7.38936e-06 3.1663e-06 3.7032e-06 2.62065e-06 1.72841e-06 6.39714e-07
6.60513e-07 2.31973e-07 1.40955e-05 7.11767e-05 4.64694e-05 6.78258e-06 2.32312e-06 2.05197e-06 1.42264e-07 5.15645e-06 1.64331e-05 0.00035818 0.000402987 1.62872e-05 2.51208e-05 2.72789e-05 1.73447e-05 1.06602e-05 1.46326e-05 1.20695e-05 2.40648e-06 7.65895e-06 2.17977e-05 1.63382e-05 4.6988e-06 2.00186e-05 1.09604e-05 7.35437e-07 4.86618e-06 1.37373e-05 2.84562e-06 1.17071e-06
1.02368e-05 3.83594e-05 6.68462e-06 1.50834e-05 5.82569e-06 5.7687e-06 6.62303e-07 5.12505e-07 1.53191e-07 2.40456e-06 6.17526e-05 0.00047921 0.000467203 3.3004e-05 5.26939e-06 8.29798e-06 1.13164e-05 3.04493e-05 2.76822e-05 2.16388e-05 1.18041e-05 1.40514e-05 1.3587e-05 9.75107e-06 5.48955e-07 3.56459e-05 2.80448e-05 7.16186e-06 1.36601e-07 4.47444e-06 2.42063e-06 6.22524e-06
1.17738e-05 8.06366e-05 3.4964e-05 5.15015e-06 1.53168e-06 5.84787e-06 3.33355e-07 5.7915e-06 1.07102e-05 5.13073e-05 6.74152e-06 0.00043455 0.000536542 2.66792e-05 7.62356e-06 5.18955e-06 3.2482e-05 3.0257e-05 1.3657e-05 1.86972e-05 2.11947e-05 2.56538e-05 1.13721e-05 7.25102e-07 9.2462e-07 1.57003e-05 9.11656e-06 4.53996e-07 1.94225e-06 7.55961e-06 2.66979e-06 3.65144e-06
2.17861e-06 7.36505e-06 1.74907e-05 3.57468e-06 6.40431e-06 8.54543e-06 7.37362e-06 2.53985e-05 6.95156e-05 5.19504e-05 7.61772e-05 0.000811418 0.00102339 0.000143217 4.2822e-06 8.67345e-06 2.38133e-05 2.16545e-05 5.89015e-06 1.70463e-05 6.09888e-06 4.8691e-06 4.36807e-06 2.6694e-06 1.73579e-06 6.77538e-06 6.80249e-06 2.28949e-06 1.41006e-06 5.70299e-06 7.83114e-06 1.44609e-05
1.30209e-05 4.17117e-06 8.08217e-07 5.37824e-06 8.39173e-06 8.29987e-06 8.76121e-06 3.24953e-05 5.291e-05 4.95729e-05 3.37564e-05 0.00120262 0.00124047 5.00875e-05 1.32759e-05 1.0246e-06 7.47825e-06 2.31469e-05 3.09268e-06 1.16156e-06 4.52812e-07 6.40061e-06 1.83141e-06 3.24029e-06 1.9538e-07 3.2283e-06 4.52081e-06 4.89518e-06 4.00541e-08 3.64857e-06 2.18941e-05 2.72908e-05
2.03489e-06 7.46881e-06 5.81428e-07 7.65368e-06 2.05547e-05 1.14474e-05 7.67451e-06 1.2883e-05 1.39737e-05 8.32873e-06 6.46482e-05 0.00123375 0.00146327 0.000148916 1.24573e-05 3.2241e-07 1.238e-05 7.31065e-06 7.17301e-06 7.67696e-06 9.06449e-07 2.69322e-06 3.96519e-06 9.91739e-07 2.51372e-06 2.3481e-06 7.21421e-06 2.55627e-06 5.75098e-06 7.59275e-06 8.33023e-06 1.21621e-05
1.79693e-06 2.21115e-05 2.77339e-05 4.51891e-05 4.42054e-05 1.71409e-05 2.1539e-06 4.491e-06 7.77375e-06 2.9413e-06 0.000119899 0.00215268 0.00237662 0.000120955 1.26599e-05 1.00183e-06 9.06577e-06 3.94719e-06 4.01217e-05 1.4308e-05 2.68813e-07 4.87188e-06 1.3451e-06 3.55508e-06 2.09335e-06 5.48959e-07 3.32807e-06 4.17721e-07 1.64337e-05 4.07648e-05 1.52144e-06 6.37759e-06
1.92289e-06 2.08202e-05 4.56637e-05 5.1942e-05 2.99027e-05 1.01839e-05 1.46509e-06 4.12775e-06 1.18682e-05 2.02309e-05 8.52872e-05 0.00302646 0.00355062 0.000288113 1.51893e-06 1.10338e-07 6.03425e-06 2.52964e-06 3.87624e-06 6.62342e-06 7.40656e-06 1.62919e-06 1.33115e-06 7.53332e-06 1.95206e-06 8.60621e-06 1.29331e-05 4.30275e-06 1.54345e-05 5.28907e-05 1.94762e-05 5.70369e-06
1.24541e-05 4.01223e-06 1.1191e-05 1.60135e-05 2.42636e-05 1.62698e-05 7.2495e-06 3.93046e-06 1.55596e-05 2.95935e-07 0.000161549 0.00415224 0.00467643 0.000215429 2.00355e-05 3.03976e-06 1.83057e-06 8.0129e-06 1.35119e-05 2.46162e-06 7.51408e-06 8.0401e-06 7.25251e-07 1.61682e-05 6.05803e-06 6.99541e-06 2.38568e-05 1.22439e-05 6.31182e-06 5.87843e-06 7.71707e-06 2.25829e-05
3.38631e-05 1.90269e-05 6.18377e-06 6.90664e-06 4.03768e-05 3.06257e-05 8.17792e-06 7.04818e-06 4.49058e-06 1.86423e-05 0.000306098 0.00668634 0.00812331 0.000695518 1.06897e-05 6.41971e-06 2.57299e-06 7.59311e-07 2.0027e-06 6.34218e-06 9.01037e-06 6.33043e-06 1.584e-07 1.03482e-05 1.15563e-05 3.09535e-06 2.08317e-05 1.47295e-05 6.50267e-07 2.33185e-05 1.34623e-05 2.35219e-05
7.78872e-06 2.06207e-05 1.22208e-05 4.99437e-06 1.35791e-05 5.66368e-06 6.14792e-07 1.82251e-06 2.41764e-05 2.35392e-06 0.000484842 0.0101505 0.0107857 0.000531615 1.27253e-05 8.69549e-06 7.03288e-06 1.83917e-05 1.20188e-05 1.71866e-06 1.33296e-05 9.43692e-07 6.4806e-06 5.15121e-06 6.02141e-06 1.5322e-06 2.22475e-05 2.09994e-05 2.45616e-06 3.29235e-05 2.85978e-05 8.80971e-06
1.99184e-08 6.89787e-06 8.6547e-06 2.22585e-06 1.17833e-05 7.79279e-06 1.64005e-05 3.3532e-06 4.39884e-06 5.06489e-05 0.000656007 0.0165579 0.018649 0.00119181 1.13866e-05 4.04976e-06 1.63324e-05 2.25104e-05 4.29891e-05 2.55333e-05 8.23969e-06 9.88869e-06 3.98281e-05 1.0764e-05 3.0689e-06 2.62224e-06 1.99562e-05 2.54166e-05 2.31504e-06 4.19413e-06 6.78865e-06 4.81733e-06
1.87221e-05 4.61498e-06 8.73893e-07 9.08035e-06 2.93577e-05 1.69523e-05 6.25896e-06 8.76073e-06 2.85791e-05 2.53279e-05 0.00112585 0.0278169 0.032697 0.00243973 7.49654e-06 2.01588e-05 1.59449e-05 1.83035e-06 1.94213e-05 2.95397e-05 8.38525e-06 8.12325e-05 0.000402063 0.000143565 3.40904e-06 8.90239e-06 1.21581e-05 2.04862e-05 9.99174e-06 5.61458e-07 8.64885e-06 2.53441e-05
7.07494e-06 2.01603e-06 4.31405e-06 7.89369e-07 5.43123e-06 1.07695e-05 1.41349e-05 6.74001e-06 1.07739e-05 4.6999e-05 0.00206735 0.0485443 0.0541731 0.0030223 0.000133595 6.46742e-06 1.17678e-05 3.5212e-05 5.55215e-05 2.78883e-05 3.35411e-06 6.84487e-05 0.000471964 0.00017389 7.27475e-06 1.98348e-05 4.84221e-06 5.31059e-06 6.05624e-06 3.5933e-06 3.16614e-06 4.02292e-06
4.75275e-06 5.85457e-06 1.15422e-06 2.29527e-07 9.83227e-07 1.28066e-05 5.65339e-06 8.86498e-06 7.04826e-06 0.000110251 0.00343001 0.0890156 0.103886 0.00723167 5.05307e-05 1.78022e-05 1.37509e-05 3.95021e-05 7.56528e-05 2.64496e-05 2.29584e-06 1.86772e-06 4.20768e-05 1.63933e-05 3.52732e-07 7.16226e-06 2.59812e-06 2.03329e-06 1.47975e-06 4.4299e-07 6.03461e-07 1.81158e-06
4.43181e-07 1.75912e-06 7.81236e-07 6.47112e-06 4.53722e-06 1.91357e-06 9.62499e-07 5.36432e-08 5.36855e-05 0.000182958 0.00727413 0.177898 0.200475 0.0123298 0.000207919 1.01238e-05 2.22714e-05 1.4252e-05 8.53496e-06 1.86522e-05 9.74535e-06 2.24559e-06 6.67149e-09 2.41498e-06 5.93633e-06 1.94645e-06 6.89264e-07 4.12447e-06 1.01957e-06 6.65312e-06 5.10281e-06 1.17366e-06
9.40466e-06 3.6717e-07 8.0664e-08 7.56349e-06 3.65658e-06 3.25635e-06 1.01912e-06 2.17795e-05 2.80207e-05 0.000357128 0.0159742 0.386594 0.442447 0.0283601 0.000471954 4.28509e-05 9.25857e-06 1.27681e-07 4.21589e-06 5.03622e-07 2.76351e-06 1.66981e-06 1.21936e-06 1.25318e-06 5.07041e-06 4.68644e-06 3.69514e-06 1.02451e-05 9.05277e-06 7.59223e-06 7.21856e-06 6.40403e-06
7.23775e-07 1.00625e-06 2.20101e-06 7.55418e-06 6.02668e-06 5.02675e-06 5.80379e-06 1.5249e-05 9.84187e-05 0.000870457 0.0389654 0.944761 1.07781 0.07091 0.000682655 0.000157404 1.68652e-05 4.87892e-06 7.59395e-06 1.49542e-05 1.6577e-05 2.54605e-08 3.70101e-06 4.15455e-06 2.42562e-06 3.80366e-07 1.41352e-06 8.87836e-06 5.96151e-06 1.16191e-05 9.01218e-06 6.46647e-06
1.01864e-05 8.60023e-06 1.74733e-06 6.94613e-06 5.61455e-06 3.30764e-06 6.47858e-05 1.70019e-05 0.000298202 0.00243037 0.109299 2.65978 3.02865 0.190798 0.00343335 0.000131711 8.69301e-05 1.23848e-05 5.19887e-06 1.96571e-05 1.23625e-05 1.70826e-05 3.67145e-06 3.22576e-07 4.81615e-06 6.61645e-06 3.89951e-06 4.51767e-06 2.65803e-07 1.0864e-05 5.22933e-06 1.48082e-06
8.38563e-06 2.39126e-05 1.37076e-05 1.39819e-05 1.46427e-05 2.39393e-05 8.23492e-06 0.000360676 0.000912647 0.00901329 0.381862 9.43893 10.7853 0.694932 0.00936585 0.00109717 0.00011202 5.9391e-05 1.9113e-05 8.77187e-06 2.07174e-05 2.79569e-05 1.28078e-05 1.61753e-06 3.97015e-06 1.51348e-05 5.59487e-07 3.38136e-06 2.30764e-06 1.12547e-05 2.1132e-05 2.0641e-05
1.65799e-06 8.51777e-07 2.01826e-05 1.92758e-05 3.46743e-05 9.18929e-05 0.000325619 0.000901517 0.0047559 0.0428095 1.9633 47.6507 54.3068 3.47693 0.0496862 0.00464472 0.000921772 0.00019844 5.55359e-05 3.42824e-05 1.45974e-07 4.04951e-05 5.63642e-06 8.83478e-07 1.58582e-07 8.54331e-06 1.89139e-06 4.96393e-06 6.987e-06 1.87673e-05 2.17164e-05 1.12506e-05
3.59083e-05 1.76446e-05 5.40747e-05 0.00013305 0.000266967 0.000969111 0.00250446 0.00934272 0.0480503 0.423748 18.8994 461.946 526.954 33.8058 0.477101 0.0461983 0.00769491 0.00209211 0.000640072 0.000133534 7.94553e-05 8.04649e-06 4.454e-05 1.05027e-05 1.7322e-05 1.19774e-05 3.30434e-06 4.78175e-06 1.30369e-06 3.30354e-06 1.3055e-06 1.40018e-06
0.000308545 0.00147436 0.0032635 0.00789538 0.0205711 0.0547783 0.169006 0.61963 3.09596 27.7161 1239.87 30272.1 34526.3 2213.73 31.4324 2.97613 0.531051 0.125966 0.0384589 0.0119734 0.00455614 0.00149186 0.000309048 0.000290301 3.82592e-05 3.08945e-05 3.08224e-06 1.05635e-05 2.11415e-05 2.86114e-06 8.99825e-05 0.000286286
0.00829946 0.0231269 0.0567622 0.139886 0.352993 0.965124 2.94356 10.817 54.0783 483.989 21645.1 528522 602804 38650.4 548.703 52.0189 9.20791 2.24385 0.661574 0.211038 0.075347 0.0253446 0.0078841 0.00233014 0.00054331 8.72579e-05 1.34325e-05 1.43402e-06 5.01894e-05 3.55746e-05 0.00113608 0.00344439
0.0074697 0.0184407 0.0462782 0.11734 0.290413 0.793356 2.43204 8.91938 44.6023 399.32 17853.4 435954 497227 31880.4 452.703 42.9068 7.5791 1.85957 0.543629 0.175319 0.0613854 0.020722 0.00695175 0.00163805 0.000530089 6.58578e-05 2.30414e-05 3.42686e-06 2.16072e-05 4.70338e-05 0.000823356 0.00271618
0.000252464 0.000566617 0.00104891 0.00395471 0.00798407 0.0225198 0.0700948 0.256013 1.27719 11.4802 511.955 12505.6 14263.8 914.502 13.0046 1.22944 0.215379 0.0543343 0.0154891 0.00494478 0.00184096 0.00054895 0.000244597 3.69529e-05 2.11006e-05 1.83622e-07 6.74656e-06 6.43909e-06 6.01863e-06 1.60634e-05 1.01767e-05 8.80833e-05
6.66555e-06 3.16256e-06 0.000140908 3.37047e-05 0.000311616 0.000541059 0.00188377 0.00634812 0.0332915 0.289842 13.1614 320.579 365.5 23.4451 0.328839 0.0321529 0.00578418 0.0011769 0.000443773 0.000167377 2.21422e-05 2.87545e-05 6.11562e-06 4.62946e-06 5.74101e-06 2.31838e-05 7.80015e-06 2.41624e-06 1.41322e-06 5.66241e-06 3.70614e-06 3.29733e-06
4.86356e-06 1.11305e-05 9.45927e-06 1.15795e-05 1.45356e-05 7.86213e-05 0.000213544 0.000784193 0.00397715 0.0352712 1.54832 38.0035 43.3787 2.77217 0.0417589 0.00333156 0.000684379 0.000191545 4.1539e-05 1.30781e-05 1.33211e-05 4.699e-06 3.3109e-06 7.91158e-06 1.25147e-05 3.35102e-05 8.68002e-06 8.82798e-06 4.69249e-06 7.83705e-07 2.98914e-06 6.60004e-06
5.56184e-06 1.89895e-05 1.05581e-05 2.31799e-05 4.82447e-07 2.85651e-05 2.06146e-05 0.000252198 0.00064541 0.00773283 0.335051 8.14948 9.28739 0.598916 0.00761234 0.00101002 0.000138113 3.0922e-05 1.98702e-05 2.65027e-06 1.62406e-05 3.58809e-05 1.41889e-05 5.00132e-07 7.43986e-06 2.56337e-05 1.73748e-05 3.74864e-06 2.51926e-06 1.95567e-06 4.2302e-06 4.77124e-06
2.38111e-05 1.22706e-05 5.885e-06 7.24875e-06 2.97258e-05 1.26291e-06 5.49213e-05 1.76701e-05 0.000392675 0.00193642 0.0986053 2.41015 2.7533 0.176491 0.00254118 0.000300042 5.18532e-06 4.81723e-05 1.87821e-05 1.44886e-05 1.71692e-05 3.07914e-05 1.78232e-05 3.06265e-06 1.45525e-05 2.3104e-05 1.57526e-05 1.68247e-05 1.49761e-05 1.24168e-06 1.0018e-07 1.54352e-06
1.50583e-06 1.03142e-06 3.5958e-06 1.40465e-06 3.95025e-06 1.91553e-05 1.36911e-06 2.31206e-05 7.86233e-05 0.000895498 0.0364585 0.885211 1.00686 0.0639009 0.00108731 2.37784e-05 8.57654e-05 2.12061e-05 2.19516e-05 1.78492e-05 2.23316e-05 2.63239e-05 8.28323e-06 1.23476e-05 2.40998e-05 2.10605e-05 1.17404e-05 7.48035e-06 9.34184e-06 5.77973e-06 4.08818e-06 1.28531e-06
8.64327e-06 3.31276e-06 2.32818e-06 2.64119e-06 1.16483e-06 1.87439e-06 5.97376e-07 2.32479e-05 2.26249e-05 0.000366366 0.015443 0.374069 0.426014 0.0280883 0.000247319 6.94088e-05 1.07647e-06 3.21607e-05 1.76677e-05 3.71086e-06 2.38808e-05 3.08262e-05 8.08089e-06 6.021e-06 1.10756e-05 1.14667e-05 1.21769e-05 1.92711e-06 2.78743e-06 4.22709e-07 5.89836e-06 5.23076e-06
7.325e-06 3.2946e-06 1.8847e-06 5.59489e-06 5.41961e-06 3.90549e-06 1.05214e-05 4.56968e-06 1.86301e-05 0.000177127 0.00706179 0.176729 0.202743 0.0126236 0.000268574 2.12231e-05 3.55649e-06 9.23606e-06 5.19335e-07 9.33201e-06 1.37469e-05 1.96863e-05 3.93559e-06 4.14578e-06 4.40738e-06 8.17918e-08 2.9942e-06 2.0075e-06 5.27662e-06 9.46179e-06 2.16259e-05 7.31874e-07
3.35259e-05 0.000125291 6.54367e-05 1.30158e-05 1.12124e-05 5.26072e-07 7.19672e-07 9.92311e-07 3.1829e-05 7.04503e-05 0.00371647 0.0902919 0.10258 0.00644598 9.99771e-05 1.07251e-05 7.04765e-06 1.40367e-06 1.38676e-05 1.72921e-05 1.3256e-05 9.97852e-06 5.84989e-06 2.65426e-06 1.01459e-05 5.90061e-07 4.34606e-06 1.33231e-05 1.04949e-05 8.22858e-06 1.17867e-05 4.43181e-06
0.000333322 0.00088783 0.000277967 1.44423e-05 4.01707e-06 4.79346e-06 6.38519e-06 1.17926e-06 5.92191e-06 0.000103935 0.00211449 0.0513277 0.0591082 0.00412241 4.17952e-05 1.78419e-05 1.27194e-05 1.32404e-06 7.05251e-06 9.24909e-06 1.19517e-05 1.73128e-05 1.1408e-05 5.35278e-06 1.77321e-06 2.88153e-06 8.76204e-06 2.84745e-06 2.95516e-07 1.53637e-05 9.0299e-06 8.92515e-06
0.000223056 0.000594101 0.000192009 4.24333e-06 2.97879e-06 4.87228e-07 3.39241e-06 2.14396e-08 1.87462e-05 1.09602e-05 0.00116587 0.0282819 0.0316885 0.00181802 5.04211e-05 4.00861e-05 2.12463e-05 1.39443e-05 2.05118e-05 3.24606e-06 7.18179e-06 5.02419e-06 3.89499e-06 1.88576e-05 1.57971e-06 6.48781e-06 1.04573e-05 2.91656e-06 9.16854e-06 2.1728e-05 1.61562e-05 5.41121e-07
6.71642e-06 2.91603e-05 1.13282e-05 2.50439e-06 4.19729e-06 5.06878e-06 1.29009e-05 2.04439e-06 1.78471e-06 3.94211e-05 0.00071905 0.0179812 0.020482 0.00125427 4.4383e-05 3.03501e-05 3.64693e-05 5.47717e-05 3.29908e-05 3.80355e-06 3.56275e-06 6.95012e-06 1.2948e-05 1.54129e-05 6.00206e-06 9.62624e-06 1.21594e-05 4.65054e-06 4.12011e-06 1.4061e-06 6.64613e-06 6.6081e-06
8.18751e-06 2.96725e-06 3.29536e-06 2.59655e-05 2.39307e-05 4.8102e-06 7.02755e-06 3.41115e-06 5.48818e-06 7.09671e-06 0.000504007 0.0114598 0.0132446 0.00104608 3.72777e-06 4.00544e-06 1.6584e-05 2.78126e-05 2.02062e-05 2.05234e-06 4.23859e-07 5.07503e-06 1.11518e-05 9.49793e-06 1.26177e-05 1.31608e-05 3.1132e-05 1.71333e-06 2.54506e-05 1.71567e-05 5.47424e-07 3.35983e-06
1.76275e-05 1.0243e-05 9.24173e-06 4.36838e-05 7.26886e-05 2.07433e-05 2.93509e-07 4.15102e-06 3.6144e-07 2.35696e-05 0.000273988 0.00711335 0.00819111 0.000469431 9.2944e-06 7.22238e-06 1.63898e-06 1.14889e-05 1.88703e-05 3.70482e-06 7.58369e-07 5.02518e-06 2.90059e-06 7.94337e-06 3.61547e-08 4.80518e-06 2.82887e-05 2.42442e-06 4.87229e-05 1.99241e-05 3.00174e-06 4.51876e-06
7.17529e-07 5.27627e-06 5.86241e-06 2.23805e-05 3.93898e-05 2.86677e-05 9.78024e-06 4.99353e-07 3.65926e-07 5.63638e-06 0.000281582 0.00507302 0.00554337 0.000309707 3.68435e-05 1.6823e-05 6.64957e-06 3.3953e-06 2.1725e-05 6.9809e-06 5.24986e-06 2.19825e-05 1.65209e-05 4.43839e-06 3.10336e-06 4.42445e-07 1.21973e-05 1.32227e-05 3.14418e-05 6.15119e-06 6.62082e-06 8.66708e-06
3.13089e-06 4.54137e-07 1.60337e-06 7.61316e-06 1.05935e-05 1.3299e-05 1.06496e-05 1.3632e-06 8.36548e-07 9.95759e-06 0.000114508 0.00321935 0.00378849 0.000294864 6.37773e-06 3.59406e-05 2.09582e-05 6.59024e-06 4.17515e-06 5.59936e-06 4.07825e-06 3.39649e-05 3.09447e-05 5.58988e-06 1.25476e-06 5.16849e-06 6.41511e-06 5.44674e-06 2.21718e-05 1.05327e-05 5.56411e-06 6.72199e-06
4.47699e-07 1.63363e-06 1.50904e-06 5.29577e-06 1.02736e-05 3.35514e-06 3.14176e-06 5.17753e-06 1.03853e-05 5.7877e-06 7.01529e-05 0.00225504 0.00277462 0.00021679 2.45941e-06 1.85342e-05 2.42693e-05 4.70379e-06 1.02308e-05 1.85656e-05 1.18471e-05 1.04088e-05 8.54206e-06 2.09666e-06 1.41882e-07 3.25858e-06 7.44181e-07 7.34307e-06 2.98751e-05 1.89865e-05 1.28394e-05 3.58674e-06
7.42098e-06 2.23484e-05 1.37609e-05 3.56257e-06 4.31383e-06 3.05786e-06 1.14312e-07 1.78171e-05 2.9129e-05 2.05595e-05 0.000129065 0.00200701 0.00200352 0.000102432 7.39961e-06 2.93436e-06 7.52691e-06 2.21517e-06 1.92658e-05 4.17306e-05 2.19708e-05 3.86724e-07 1.47097e-06 2.01761e-07 4.92305e-06 8.3791e-06 2.96121e-06 8.44145e-06 1.85725e-05 8.19117e-06 1.70962e-05 1.25291e-05
1.85489e-05 1.95168e-05 9.75944e-06 6.5631e-06 1.8947e-05 1.27327e-05 2.24808e-06 2.91e-07 2.75144e-06 9.02461e-06 2.34236e-05 0.00101416 0.00132903 8.43038e-05 2.90155e-06 1.14458e-05 1.60812e-05 9.20828e-06 3.00438e-05 4.29418e-05 1.85166e-05 1.1206e-07 4.21281e-06 6.87119e-06 2.53638e-06 9.16887e-06 1.1033e-06 2.5914e-06 2.85346e-06 3.16738e-06 2.87935e-05 3.84875e-05
1.43502e-05 7.25081e-06 2.12707e-05 1.50079e-05 1.90328e-05 9.9657e-06 8.35146e-06 1.53574e-05 1.29361e-05 4.4884e-06 5.58104e-05 0.000955786 0.000970896 5.15825e-05 3.76955e-06 2.16447e-05 3.94949e-05 5.07418e-06 6.15748e-06 3.08276e-06 2.33367e-06 1.06036e-05 7.18975e-05 4.79124e-05 2.05537e-05 7.64079e-06 3.45875e-06 3.65189e-05 4.38819e-05 1.17291e-05 2.49899e-05 4.48275e-05
9.56627e-06 1.3758e-06 1.26369e-05 7.3069e-06 2.57041e-05 5.54049e-06 1.8626e-05 1.53704e-05 1.82832e-05 1.17335e-05 8.89709e-05 0.000910431 0.000970643 0.000106036 1.11991e-06 1.99655e-05 3.58599e-05 8.332e-06 1.33023e-06 1.72893e-05 1.81042e-05 5.07918e-05 0.000311368 0.00025157 5.07577e-05 4.07992e-05 2.80884e-05 5.08141e-05 4.39551e-05 1.56965e-05 1.57249e-05 2.95815e-05
6.32865e-07 5.25133e-07 3.52323e-06 4.81829e-06 2.51334e-05 1.73064e-06 2.99183e-05 1.13476e-05 1.45867e-05 2.38486e-05 8.24621e-06 0.00030741 0.000484775 1.75833e-05 1.79645e-06 1.74355e-05 2.49286e-05 4.86623e-06 3.63192e-06 1.37975e-05 1.02015e-05 2.61376e-05 0.000139992 0.000136327 4.35468e-05 5.12074e-05 4.195e-05 3.8047e-05 2.62289e-05 7.86027e-06 6.23777e-06 1.02164e-05
3.10548e-06 7.14832e-06 2.33249e-06 6.25701e-06 1.19001e-05 1.77516e-05 3.08086e-05 1.69466e-05 3.09502e-05 1.86738e-05 6.30931e-05 0.000624507 0.000598109 4.8941e-05 1.45543e-06 6.40844e-06 1.21667e-06 3.45486e-06 9.32759e-06 1.1767e-05 5.61969e-06 1.57427e-05 4.6243e-05 4.3333e-05 3.30002e-05 3.79421e-05 3.06453e-05 2.11016e-05 1.67477e-05 4.38758e-06 1.05143e-05 8.90648e-06
1.79922e-06 7.7622e-06 3.14144e-05 3.93821e-05 4.13441e-05 4.115e-05 1.25216e-05 1.89465e-06 1.22001e-06 5.76225e-07 1.17162e-05 0.00027088 0.000336954 3.08371e-05 2.13242e-06 1.56456e-06 1.09058e-05 1.33274e-05 7.23812e-06 1.17007e-05 1.24653e-05 1.36218e-05 4.63138e-05 3.58834e-05 3.05417e-05 1.9687e-05 7.90444e-06 8.20656e-06 2.81486e-05 1.43735e-05 9.0226e-06 2.50914e-05
1.99454e-05 9.70858e-07 2.77999e-05 4.69201e-05 2.40254e-05 6.52892e-06 6.02932e-08 5.15998e-06 2.17692e-05 2.47191e-05 6.03558e-06 0.000167172 0.000175286 1.71153e-06 1.74534e-06 1.77788e-06 2.30945e-05 2.95601e-05 4.2113e-06 3.03271e-06 3.86652e-06 1.06861e-06 5.29284e-06 2.74465e-06 4.10935e-06 1.62904e-05 3.46808e-05 1.10819e-05 1.75201e-05 1.33875e-05 9.84996e-06 5.3657e-05
6.12941e-06 2.05336e-05 2.2966e-05 7.98281e-06 3.19703e-07 2.008e-05 2.37503e-05 4.42636e-06 1.9209e-05 7.41685e-06 4.88243e-06 0.000238158 0.000300746 3.5156e-05 1.74213e-06 2.19123e-05 4.03391e-05 1.88062e-05 2.8967e-06 1.79644e-06 4.27845e-06 1.32834e-05 9.61341e-06 4.30249e-06 1.18457e-05 1.87397e-05 2.05551e-05 1.85404e-05 4.92265e-06 5.39885e-06 1.30255e-05 2.37036e-05
2.47234e-05 3.58979e-05 1.04504e-05 7.60524e-08 1.86612e-06 3.96461e-06 6.89963e-06 6.10394e-06 1.44582e-05 1.28619e-05 8.97267e-06 0.000196491 0.000181581 3.73485e-06 2.08775e-06 2.7164e-05 4.76494e-05 3.52137e-05 1.43172e-05 1.4473e-05 3.7451e-05 3.35359e-05 1.39583e-05 1.39868e-05 1.29692e-05 3.60314e-06 1.10138e-06 1.42375e-06 6.55666e-06 6.90082e-06 6.02665e-06 5.00819e-06
2.1807e-05 1.34811e-05 2.73225e-06 1.93146e-06 1.22799e-05 9.11658e-06 4.84665e-06 6.74874e-06 2.2762e-05 3.10959e-05 3.02159e-05 0.000151523 0.000233675 4.38464e-05 7.27542e-07 4.34885e-07 1.99295e-05 6.30868e-05 4.1989e-05 1.35431e-05 1.96188e-05 2.67492e-05 3.60207e-05 2.17493e-05 3.41181e-06 2.97658e-06 2.02865e-06 2.42765e-06 1.14596e-05 6.7047e-06 2.63029e-06 7.29756e-06
1.55892e-05 9.01558e-06 1.50147e-06 1.1578e-06 1.17474e-05 6.83901e-06 4.13329e-07 4.50874e-06 9.4812e-06 5.40846e-06 3.25706e-06 8.40794e-05 7.81518e-05 1.7704e-05 6.69907e-06 2.48829e-07 4.8185e-06 1.55956e-05 2.022e-05 1.07308e-05 1.77707e-06 2.12305e-07 1.02732e-05 2.85076e-06 2.98909e-06 9.68776e-07 1.99369e-07 7.18393e-07 4.5826e-06 1.27048e-05 5.58583e-06 6.09988e-06
2.28143e-05 1.38577e-05 6.47539e-06 1.30869e-06 1.11498e-06 4.50847e-07 6.43906e-06 3.94413e-07 5.69774e-06 1.36239e-05 3.87239e-06 0.000106219 0.000241253 8.64508e-05 2.34859e-06 3.71586e-06 2.25825e-06 8.94673e-06 7.85769e-06 9.38202e-06 2.72163e-06 8.97356e-06 5.47207e-06 6.52722e-08 3.61272e-06 6.27745e-06 1.02121e-05 3.05256e-06 5.08704e-06 2.21872e-05 1.30724e-05 1.315e-05
1.12465e-05 3.72278e-06 1.28271e-05 1.44998e-05 3.28363e-06 1.81732e-06 1.32927e-05 9.06195e-06 4.77343e-06 4.18862e-06 1.60726e-05 8.27168e-05 3.29428e-05 1.11149e-06 8.23211e-06 1.69769e-05 7.10649e-06 1.05034e-05 2.378e-06 1.33423e-05 7.54909e-06 1.06489e-05 1.07526e-05 2.96209e-06 5.89036e-06 1.3809e-06 1.08801e-05 6.06516e-06 7.19909e-06 3.62568e-05 3.39834e-05 2.24895e-05
4.40059e-06 2.00481e-06 1.05393e-05 4.43344e-06 1.46123e-07 5.52386e-06 1.98246e-05 2.50698e-05 1.79617e-06 2.99765e-06 1.00651e-05 0.000108707 0.000161742 2.28676e-05 2.59675e-05 1.21872e-05 2.18573e-06 4.34447e-07 4.84433e-06 8.9379e-06 1.22986e-05 3.47336e-07 1.71809e-06 1.25817e-05 1.59149e-05 1.88238e-06 5.30888e-06 1.6811e-06 2.39386e-06 3.1615e-06 4.51395e-06 1.52485e-05
1.75432e-05 5.89897e-06 2.36183e-06 3.31107e-06 1.00838e-05 1.26734e-05 9.45954e-06 1.921e-05 2.26544e-06 1.67385e-05 1.73257e-05 2.47702e-05 9.71381e-05 3.78651e-05 2.11672e-05 1.85081e-05 1.07167e-06 1.24723e-05 3.79806e-05 1.58854e-05 6.6764e-06 9.26091e-06 1.97146e-05 1.75839e-05 6.47984e-06 3.89498e-06 3.41414e-06 9.31768e-06 1.26783e-05 1.87821e-06 1.12008e-05 1.88246e-05
1.39544e-05 1.67955e-05 3.6174e-06 5.49267e-07 1.01756e-05 2.95675e-05 1.02157e-05 4.58644e-06 9.26076e-06 8.76727e-06 4.12936e-05 0.00012401 7.58389e-05 8.47258e-06 1.29352e-05 2.43896e-05 8.52177e-06 7.40099e-06 2.57982e-05 1.83139e-05 4.47024e-06 1.2728e-05 1.73257e-05 2.90516e-06 9.51298e-06 1.07701e-05 9.67835e-07 3.25463e-06 5.42215e-06 1.39504e-06 2.7105e-06 5.90376e-06
5.69323e-06 6.42532e-06 5.74197e-06 3.48516e-06 1.07163e-05 4.75714e-05 7.45991e-06 5.42368e-08 1.753e-05 9.74682e-06 3.38574e-06 4.80897e-05 4.64508e-05 4.86401e-07 8.55515e-06 1.19592e-05 9.77063e-07 4.50309e-06 2.29094e-06 3.40846e-06 1.29825e-06 1.07808e-05 1.38148e-05 5.22997e-07 3.78784e-06 9.14003e-07 4.5284e-06 2.76723e-06 6.26152e-06 1.96391e-05 3.89194e-06 1.75966e-06
8.76802e-06 8.21172e-06 5.27072e-06 2.12201e-06 4.68144e-06 2.73892e-05 1.28615e-05 1.59066e-05 2.99818e-06 2.45427e-07 1.79117e-06 2.62069e-05 4.39918e-05 1.09104e-05 1.09713e-05 4.9064e-06 4.81516e-06 3.85044e-06 1.59255e-06 4.73042e-06 5.7352e-06 5.00254e-07 1.00147e-05 9.67065e-06 9.92403e-06 5.06768e-06 1.34531e-06 3.40951e-06 9.1957e-06 2.09029e-05 6.53514e-06 8.38492e-07
6.37312e-06 3.2975e-05 4.38995e-05 8.63162e-06 1.25092e-05 3.98578e-05 2.03134e-05 1.53817e-05 2.61382e-05 1.22867e-05 4.73235e-07 1.77693e-05 1.48789e-05 1.58303e-06 3.68183e-06 3.19307e-06 2.20256e-07 1.05657e-06 2.11174e-06 3.32714e-07 9.32729e-06 2.003e-06 3.04507e-06 4.17554e-06 1.59832e-06 4.24974e-06 1.221e-05 5.19701e-06 2.14344e-06 5.18091e-06 2.79588e-07 7.0652e-07
9.8101e-06 2.76338e-05 4.90815e-05 6.84564e-05 9.32415e-05 7.24852e-05 2.15872e-05 7.11988e-06 2.34964e-05 2.64049e-05 8.60813e-06 2.50237e-05 2.18455e-05 9.84023e-08 7.95096e-06 1.02819e-05 3.01596e-06 1.20843e-05 7.0084e-06 1.79228e-06 1.94304e-08 3.24931e-07 5.37049e-07 9.52242e-07 4.09709e-06 9.66589e-06 1.03719e-05 6.9574e-06 1.25942e-05 3.27838e-05 9.31444e-06 4.44404e-06
5.12262e-06 8.84195e-06 4.51215e-05 7.95103e-05 5.18834e-05 1.11048e-05 2.85392e-07 4.72627e-06 6.55147e-06 7.97867e-06 2.79045e-06 2.0042e-05 4.78428e-05 7.78611e-06 2.42706e-06 8.93119e-06 1.08296e-05 1.687e-05 1.12806e-05 7.34939e-06 5.42257e-06 2.22332e-06 1.71848e-06 2.14878e-06 9.67214e-07 1.97505e-06 3.59127e-06 1.69411e-05 1.61772e-05 1.08797e-05 2.81672e-06 7.80773e-06
1.21309e-05 3.79932e-06 3.83882e-05 5.00494e-05 9.21266e-06 7.12538e-06 1.45273e-05 1.36832e-05 1.32155e-06 1.4768e-06 4.67126e-06 1.89253e-05 1.85801e-05 1.94851e-05 1.1988e-05 1.64318e-06 2.59877e-06 9.0299e-07 1.73193e-06 4.69262e-06 8.9809e-06 7.05089e-07 1.02624e-05 1.25127e-05 9.00396e-06 4.52856e-06 6.59079e-06 2.06123e-05 1.62966e-06 1.64868e-05 1.07873e-05 5.24629e-06
1.70719e-05 7.52748e-07 2.80708e-05 3.81719e-05 3.15888e-05 1.98116e-05 8.91577e-06 2.66509e-06 1.41754e-06 4.73942e-06 8.88947e-06 1.50061e-05 1.41487e-05 1.51754e-05 9.02158e-06 3.98625e-06 8.22736e-06 9.32728e-06 8.76824e-06 5.27254e-06 1.60856e-06 2.19319e-06 1.66726e-05 1.74193e-05 1.341e-05 6.50661e-06 7.32614e-07 5.27887e-06 1.85562e-05 4.6783e-05 1.24755e-05 7.42993e-06
3.31649e-05 1.47706e-05 3.16004e-05 4.88789e-05 4.79532e-05 2.77504e-05 1.61927e-06 2.06636e-06 1.14979e-06 1.26178e-05 1.6741e-05 1.79596e-05 1.31511e-05 4.26638e-06 3.40032e-05 3.15089e-05 1.54472e-05 2.11395e-06 7.63714e-06 1.2795e-05 7.93411e-06 4.47952e-06 8.61372e-06 7.28979e-06 8.65666e-07 1.07515e-06 8.04455e-06 5.13206e-06 5.50443e-06 1.61312e-05 1.51596e-05 1.42991e-05
1.77735e-05 4.68013e-05 0.000109863 0.0001188 6.86194e-05 2.25782e-05 2.7439e-06 3.79175e-06 3.33387e-06 9.19622e-07 2.3209e-06 8.94164e-07 2.03452e-09 3.02575e-06 3.70101e-05 8.70853e-05 5.828e-05 1.51476e-05 1.31415e-06 1.07272e-05 1.1232e-05 1.09166e-05 9.95629e-06 6.70724e-06 2.63534e-06 6.23161e-06 4.64504e-06 1.3726e-05 1.16047e-05 3.37685e-05 4.58069e-05 1.01617e-05
9.41623e-06 1.10196e-05 4.66484e-05 8.34847e-05 3.68125e-05 2.58142e-06 4.08337e-06 3.1087e-06 4.55841e-07 4.13102e-06 1.87338e-06 6.86769e-05 7.40814e-05 8.47388e-06 9.58475e-06 4.61592e-05 5.45619e-05 1.98596e-05 3.08498e-06 8.65556e-06 1.36262e-05 8.86249e-06 5.6551e-06 1.25133e-05 2.21657e-05 1.9393e-05 1.20013e-05 4.87059e-06 1.41954e-05 7.88359e-06 7.43756e-06 1.98948e-05
4.88305e-05 2.10026e-05 8.18269e-07 2.84045e-06 2.50894e-06 3.52857e-06 9.25616e-06 7.04725e-06 2.66723e-06 1.29277e-05 7.77007e-06 5.78701e-06 1.24803e-05 8.69895e-06 8.25219e-06 1.03317e-05 2.36398e-05 1.53626e-05 1.27665e-05 1.23908e-05 2.01619e-06 3.67569e-06 4.69592e-07 4.39876e-06 1.26413e-05 2.58033e-05 7.7347e-06 1.1086e-05 1.10422e-05 9.67448e-06 7.40802e-05 0.000116985
6.70832e-05 1.62527e-05 5.37536e-06 1.10206e-06 6.91994e-07 2.80728e-07 7.75787e-07 4.22875e-06 1.0535e-05 2.09857e-06 3.03048e-06 5.1705e-06 6.10724e-06 9.86791e-06 6.99044e-06 5.80142e-06 6.30139e-06 2.25115e-05 2.26883e-05 1.97696e-05 5.24269e-06 7.31588e-08 9.53687e-08 2.22949e-06 5.70239e-06 8.87224e-06 4.2242e-07 2.23791e-05 2.07856e-05 1.46247e-05 2.94211e-05 8.44913e-05
3.30808e-05 2.52837e-05 1.19811e-05 9.61654e-06 7.78239e-06 2.07369e-06 3.56258e-06 2.0212e-05 2.03726e-05 9.4253e-06 1.68674e-05 3.09626e-05 5.41712e-05 1.44685e-05 1.66323e-06 1.04873e-05 1.30309e-05 1.87952e-05 8.58604e-06 7.78258e-08 1.18359e-05 9.6096e-06 9.69627e-07 5.55273e-06 1.82313e-05 1.21807e-05 2.22002e-06 1.08988e-05 3.13884e-05 2.4711e-05 3.137e-06 1.38589e-05
9.25058e-07 3.51572e-06 1.77562e-05 2.14906e-05 3.6009e-06 2.40311e-06 6.3581e-06 1.55735e-05 4.37085e-06 4.33367e-06 1.13288e-05 1.97553e-07 8.74181e-06 1.5228e-06 1.65869e-06 2.44128e-06 2.19045e-06 9.34163e-06 3.62699e-06 2.69488e-06 2.16558e-05 1.57998e-05 3.43962e-06 1.09686e-06 1.54742e-05 3.23923e-05 6.03029e-05 2.70536e-05 5.63403e-06 1.17869e-05 6.82908e-06 3.21218e-06
9.55779e-06 9.65537e-06 7.7817e-06 1.00791e-05 1.46199e-06 1.66519e-06 1.44447e-05 2.34369e-05 4.35726e-06 3.95167e-07 7.35105e-06 2.44701e-05 2.43769e-05 4.39349e-06 1.56931e-05 2.29337e-05 1.07614e-05 3.50369e-06 9.24729e-07 9.65598e-06 8.37387e-06 7.2897e-06 5.22808e-06 3.43473e-07 1.8504e-06 2.60212e-05 4.31745e-05 1.51452e-05 2.38276e-06 4.55101e-07 1.03988e-07 7.27048e-07
2.42342e-05 8.9927e-06 4.56147e-07 1.01225e-06 2.80595e-06 1.45239e-06 1.82591e-05 4.069e-05 1.02573e-05 4.80491e-06 6.24902e-06 4.04621e-06 4.50068e-07 6.7858e-06 2.87257e-05 4.99284e-05 3.24515e-05 2.74583e-06 4.94561e-06 5.51307e-06 9.37439e-07 1.27809e-06 9.18515e-06 4.52773e-06 1.56986e-06 5.75753e-06 2.29268e-06 4.88484e-06 3.64333e-06 1.79267e-06 1.95288e-07 8.60663e-06
8.08643e-06 2.87608e-06 1.26095e-06 2.59814e-06 1.67918e-05 5.85812e-06 6.91755e-06 2.16042e-05 6.37817e-06 1.77035e-06 7.60459e-06 3.48974e-05 2.05723e-05 4.69356e-06 6.32459e-06 1.48191e-05 2.78425e-05 3.05934e-06 9.82019e-06 8.81643e-06 2.55857e-06 5.63668e-07 7.53224e-06 5.13573e-06 5.60272e-07 5.1124e-08 3.55338e-06 2.52811e-05 1.84012e-05 3.39566e-06 4.15678e-06 9.50402e-06
7.76904e-06 6.92602e-06 1.0056e-05 9.3992e-07 1.9261e-05 1.15699e-05 2.31192e-06 3.49601e-06 7.76644e-06 2.51249e-06 1.04711e-09 2.10499e-06 6.00228e-06 4.52421e-07 2.60034e-06 1.15246e-05 6.77621e-06 1.00549e-06 8.35955e-06 1.30442e-05 1.27868e-06 6.26412e-06 2.43897e-06 5.18559e-06 2.54107e-06 5.94511e-06 1.36726e-06 8.46722e-06 2.03638e-06 1.71977e-05 9.30936e-06 1.23083e-05
1.86878e-05 2.58719e-05 3.66735e-05 1.22253e-05 2.49331e-05 1.06904e-05 2.49145e-06 1.72963e-05 1.49107e-05 2.18137e-07 6.59194e-06 3.64234e-05 2.26397e-05 4.59794e-07 8.9816e-06 1.62074e-05 1.30145e-05 1.20843e-05 8.47782e-06 1.09621e-05 3.68633e-06 2.09673e-05 4.91793e-05 1.27919e-05 1.20792e-06 7.81138e-06 2.66353e-06 1.59357e-06 1.47512e-05 3.44046e-05 1.72517e-05 1.34045e-05
5.72011e-06 1.72895e-05 1.07326e-05 2.93767e-06 1.32893e-05 8.1362e-06 2.4854e-07 3.09418e-06 4.71876e-06 3.71248e-06 2.05174e-06 1.02547e-06 9.43364e-07 4.19369e-06 9.53434e-06 9.3169e-06 1.24113e-05 1.85067e-05 5.36131e-06 2.6463e-06 1.8282e-06 4.71068e-06 5.53031e-05 4.14442e-05 7.30733e-07 2.4663e-06 8.61265e-06 1.7732e-05 2.76536e-05 1.55668e-05 1.56508e-06 5.46036e-08
2.25287e-06 1.26371e-05 2.41002e-05 6.66069e-06 5.36121e-06 3.76738e-06 6.25255e-06 9.1405e-06 2.74844e-06 4.03517e-06 1.39816e-05 1.94463e-06 1.57424e-05 1.15445e-05 7.08809e-06 1.14983e-05 9.98501e-06 3.30732e-06 3.51302e-07 1.20895e-05 1.60662e-05 1.97184e-06 2.22427e-05 3.15485e-05 1.37491e-05 1.4843e-05 3.38822e-06 1.28147e-05 1.32971e-05 3.3323e-06 1.58989e-05 1.24756e-05
3.51665e-06 8.89501e-06 1.72181e-05 1.05045e-05 1.57461e-05 2.75215e-05 2.15757e-05 6.57367e-06 1.06129e-05 6.21948e-06 6.16661e-06 2.27514e-05 1.242e-06 4.48487e-06 1.52708e-05 2.93696e-05 2.01459e-05 2.31764e-06 5.26376e-06 4.38918e-06 1.60331e-05 5.63658e-06 1.92536e-05 1.49091e-05 1.13234e-05 2.32334e-05 5.81331e-06 1.02844e-06 1.41683e-06 9.41119e-06 3.22149e-05 2.70412e-05
1.86662e-06 1.3423e-05 6.57594e-06 4.20832e-07 1.53715e-06 1.13201e-05 7.78148e-06 1.00726e-05 3.28803e-05 2.66348e-05 6.91776e-07 5.90276e-06 1.9151e-06 4.57639e-06 2.5971e-05 3.38433e-05 9.64434e-06 7.17121e-07 1.15334e-06 3.51581e-06 2.43312e-06 2.62447e-06 1.55858e-05 1.63784e-05 7.03521e-06 1.12462e-05 9.1411e-06 4.2646e-06 4.49278e-06 6.66931e-06 1.88199e-05 1.51067e-05
1.49427e-05 4.4477e-05 2.81235e-05 1.56225e-05 2.1478e-05 1.07409e-05 5.6089e-06 2.66821e-06 1.09894e-06 2.13372e-06 1.17269e-06 3.96716e-05 4.12858e-05 1.48397e-05 2.1743e-05 3.30782e-05 1.64374e-05 3.68737e-06 1.33774e-05 8.14987e-06 4.638e-06 7.46161e-06 1.41453e-05 3.1128e-05 2.18841e-05 1.54943e-05 1.20807e-05 9.60133e-06 7.13273e-06 1.92018e-06 6.95445e-07 2.70181e-06
1.30237e-05 2.26087e-05 2.18239e-05 9.29847e-06 1.6025e-05 2.2841e-05 1.13657e-05 2.3555e-05 3.78327e-05 1.98088e-05 2.26999e-05 5.87168e-05 4.05589e-05 2.97769e-05 7.11555e-05 0.000128187 8.38553e-05 2.81352e-05 1.14928e-05 8.15617e-07 1.81486e-05 2.00771e-05 1.41561e-05 1.40024e-05 2.83261e-06 1.6073e-05 2.02141e-05 5.38898e-06 5.18427e-06 6.55642e-06 2.20742e-05 2.67967e-05
4.36014e-06 6.39523e-07 7.90716e-07 1.79305e-06 7.36852e-08 1.39166e-05 3.75632e-05 5.55828e-05 5.42704e-05 2.58519e-05 1.71845e-05 1.32626e-05 2.93555e-06 1.00775e-05 8.82328e-05 0.000143162 0.000104709 6.14524e-05 1.48727e-05 3.35265e-06 1.43626e-05 9.84839e-06 8.7826e-06 7.43948e-06 1.21089e-06 2.10396e-05 1.79306e-05 2.3798e-05 3.29649e-05 2.41089e-06 1.46919e-05 1.61142e-05
1.72232e-05 9.97115e-06 3.78553e-06 3.75375e-07 1.04988e-05 1.83893e-05 1.68897e-05 1.63907e-05 8.24442e-06 1.69031e-06 1.27791e-06 1.14617e-06 2.44623e-06 2.52287e-06 5.20635e-06 1.06415e-05 2.01128e-05 3.46325e-05 1.69602e-05 1.19682e-05 3.07604e-06 5.67092e-07 1.04885e-05 5.27824e-06 1.31204e-06 1.32017e-05 2.25056e-05 4.59935e-05 2.83225e-05 5.70228e-06 1.28614e-05 1.88292e-05
1.18661e-05 9.00857e-06 9.92536e-06 4.15256e-06 2.24354e-05 4.27652e-05 1.72297e-05 3.02593e-06 2.23868e-06 7.68202e-08 8.98509e-07 7.71957e-07 3.82324e-06 1.9401e-06 4.62842e-06 1.03773e-05 2.35432e-05 3.44189e-05 5.74779e-08 1.94844e-05 1.24783e-07 8.50699e-08 1.77056e-05 1.77752e-05 3.01413e-06 2.72076e-06 3.20607e-07 6.33051e-06 1.46344e-06 2.82708e-06 3.92254e-06 7.60828e-06
1.63792e-06 4.45369e-06 1.66941e-05 1.25104e-05 3.99303e-06 7.89925e-06 6.71672e-06 6.54353e-06 1.12225e-05 1.23934e-05 4.60067e-06 3.07051e-07 2.6335e-07 2.62049e-06 3.53487e-06 8.07234e-07 1.72066e-05 2.58107e-05 8.81161e-07 9.27346e-06 3.50367e-06 1.14686e-05 1.45208e-05 2.61843e-05 1.88837e-05 1.7776e-05 1.12322e-05 1.15106e-06 4.11525e-07 1.10338e-05 1.72257e-05 4.55158e-06
3.3083e-06 2.43023e-06 9.42494e-06 1.95495e-05 8.10148e-06 4.25961e-07 2.82759e-06 1.28694e-05 1.11097e-05 8.97296e-06 1.67682e-05 3.03449e-05 3.79932e-05 4.43974e-06 4.85815e-06 2.97106e-07 1.10914e-05 3.79291e-06 2.47362e-06 7.24103e-06 1.23654e-05 9.44974e-06 5.93108e-06 8.38032e-06 3.77077e-06 1.09457e-05 1.18344e-05 2.53221e-06 6.02654e-06 9.08463e-06 4.57137e-06 7.85131e-06
4.5884e-06 2.59617e-06 3.71423e-06 1.04716e-06 1.44112e-06 6.01945e-07 3.818e-06 2.70444e-06 1.55189e-07 7.51035e-07 3.71451e-07 1.04799e-05 4.39305e-05 1.03964e-05 7.95718e-06 8.53178e-06 1.03218e-06 2.42872e-06 2.23717e-06 3.0042e-06 1.2761e-05 5.63716e-06 1.08872e-05 3.32434e-06 1.53456e-05 1.07844e-05 4.48644e-06 3.056e-06 7.93074e-06 3.19782e-06 6.38707e-06 1.64736e-05
9.14328e-06 3.75535e-06 2.28484e-05 1.40304e-05 3.55469e-06 1.16623e-06 3.01759e-06 9.35039e-07 4.07114e-06 8.61314e-07 1.13112e-06 2.09707e-06 2.22981e-05 8.24315e-06 9.60574e-06 1.44454e-05 1.05292e-06 4.96827e-06 9.59346e-07 9.21862e-06 8.36866e-06 2.33745e-06 1.97176e-05 2.66452e-05 2.15251e-05 1.27318e-05 6.78514e-06 8.92371e-06 8.31006e-06 5.67331e-06 5.97601e-06 1.87375e-05
1.10817e-05 2.95396e-06 8.73605e-06 6.3293e-06 4.87301e-06 1.03238e-06 4.43497e-06 8.00059e-07 8.29244e-06 2.90484e-06 1.74064e-06 1.09475e-05 1.72165e-05 5.62822e-06 1.51244e-05 2.076e-05 6.86547e-06 3.49045e-07 5.4212e-08 4.28062e-06 7.11331e-06 2.21795e-05 4.48708e-05 1.48395e-05 3.39836e-06 4.50337e-06 1.03546e-05 2.10759e-05 1.31317e-05 8.77331e-06 9.6538e-06 2.54724e-05
1.37431e-05 9.95658e-07 2.04161e-06 1.39655e-06 1.29028e-06 9.07021e-07 3.75976e-06 1.69667e-06 1.70651e-05 2.54615e-06 3.62271e-06 3.16474e-05 5.00804e-05 1.51379e-05 8.66723e-06 1.84164e-05 8.37551e-06 1.07084e-05 1.51355e-05 3.17889e-06 1.78078e-06 2.2461e-05 4.5509e-05 1.36239e-05 5.91531e-06 2.24014e-06 3.5243e-06 7.35508e-06 3.08093e-06 3.53292e-06 2.02287e-05 3.17429e-05
5.59861e-06 1.53531e-06 2.88167e-06 9.14818e-06 4.18886e-05 3.9498e-05 5.60592e-06 1.21939e-05 1.77618e-05 1.24254e-06 4.34289e-06 2.45014e-05 5.45831e-05 1.47311e-05 2.8125e-06 4.78553e-06 4.03715e-06 1.96935e-05 3.07589e-05 3.33343e-06 1.96689e-06 6.11139e-06 8.01813e-06 1.16491e-05 5.74896e-06 3.15928e-06 7.22273e-07 8.04808e-06 8.73443e-06 2.34431e-06 1.62066e-05 1.01465e-05
1.45591e-05 1.31986e-05 2.59601e-06 3.83938e-05 0.000298814 0.000220992 3.6162e-05 2.26742e-05 1.08073e-05 6.05701e-06 5.58529e-07 1.13301e-05 3.49025e-05 3.40107e-05 1.1247e-05 5.76526e-06 7.25698e-07 6.18874e-06 6.5527e-06 4.93673e-06 1.72893e-05 4.6107e-06 2.26227e-06 3.41658e-06 3.27785e-06 4.82439e-06 2.45514e-06 2.33463e-05 2.01204e-05 4.96571e-06 1.221e-06 7.24139e-06
1.83353e-05 1.60649e-05 4.19345e-06 1.70473e-05 0.000175496 0.000186747 5.58826e-05 8.70226e-06 8.41925e-08 1.46983e-05 1.1344e-05 2.34703e-06 9.06049e-06 1.69775e-05 1.44808e-05 3.38619e-06 2.75323e-06 1.42585e-06 5.55859e-07 1.57878e-05 1.08805e-05 4.80603e-07 3.36299e-06 1.2242e-05 1.61928e-05 6.21625e-06 5.79009e-07 1.37568e-07 3.70556e-07 1.85702e-06 7.44074e-06 2.37794e-05
1.57166e-05 1.34685e-05 9.84691e-08 3.82702e-06 1.43467e-05 6.73048e-05 3.94906e-05 5.70627e-06 5.1383e-06 2.03631e-05 1.25121e-05 4.18437e-06 8.52042e-07 9.34584e-07 4.47447e-06 2.00661e-06 2.41925e-06 4.02359e-06 1.45242e-06 3.38608e-06 9.13008e-06 5.87355e-06 2.38423e-06 2.71207e-05 5.99738e-06 7.58941e-06 2.982e-07 1.64153e-05 3.55122e-05 2.90183e-05 9.25528e-06 1.12791e-05
1.17615e-05 1.43609e-05 8.86788e-08 1.18458e-05 9.51811e-06 4.44872e-05 3.9695e-05 1.43655e-05 2.59302e-06 1.7306e-05 1.19126e-05 3.22511e-06 7.04466e-06 7.3577e-06 1.92028e-06 1.53675e-06 4.39315e-06 7.7296e-06 4.17137e-06 1.09423e-05 6.22617e-06 6.01071e-06 1.51115e-06 2.02503e-05 3.57258e-06 1.76903e-05 7.94498e-06 1.43669e-05 3.61103e-05 2.00267e-05 2.66837e-06 4.76377e-06
2.208e-06 1.37858e-06 1.19372e-06 3.03223e-06 1.15194e-05 1.70238e-05 1.6419e-05 5.29922e-06 7.27777e-07 1.19299e-05 2.12734e-05 7.88908e-06 4.46143e-06 2.51809e-05 1.00649e-05 4.50204e-06 3.09784e-06 2.05509e-05 2.5368e-05 2.08568e-05 2.38552e-06 1.74084e-06 9.09646e-07 8.84774e-06 4.27694e-06 2.19625e-05 1.75577e-05 2.80552e-05 4.01213e-05 7.56791e-06 2.23662e-06 5.3261e-06
1.15252e-05 2.8563e-05 3.19148e-06 9.86108e-07 4.27571e-06 1.13654e-05 1.9112e-06 4.13099e-06 1.87442e-05 1.93304e-05 3.0771e-06 3.00207e-05 2.08613e-05 1.43821e-05 6.34583e-06 3.66043e-06 1.28699e-06 4.19298e-06 2.98729e-06 6.84673e-06 1.07822e-05 8.99316e-06 3.6797e-06 6.0181e-06 1.67445e-05 8.65009e-05 2.32363e-05 2.90576e-05 1.03315e-05 6.5397e-06 6.94844e-06 6.51154e-07
9.67588e-06 2.0603e-05 8.54169e-06 1.47702e-06 1.20132e-05 3.7192e-05 8.03532e-06 1.8384e-05 4.24234e-05 2.50806e-05 6.72229e-07 2.57635e-05 5.07198e-05 2.24376e-05 8.87822e-06 7.19668e-06 1.87839e-06 1.32929e-06 1.31958e-05 2.53104e-05 9.57843e-06 4.89918e-06 5.85244e-06 2.12376e-05 1.20834e-05 6.61593e-05 5.65397e-06 1.62507e-05 1.45389e-05 3.59506e-05 2.46716e-05 5.04634e-07
7.1197e-06 2.04733e-07 3.57969e-06 7.14532e-06 3.04697e-05 2.55829e-05 8.27041e-06 4.05115e-06 1.40618e-05 8.81212e-06 7.588e-06 3.213e-05 4.37823e-05 1.21741e-05 5.49427e-07 4.65799e-06 8.92066e-06 5.0093e-07 1.00132e-05 4.03281e-05 2.17101e-05 7.86688e-06 2.65489e-05 3.67971e-05 1.04163e-05 1.08896e-05 1.07823e-06 1.82185e-05 2.38284e-05 2.43136e-05 1.24096e-05 1.20217e-05
1.85087e-05 1.47174e-06 4.69849e-06 5.36947e-06 2.48621e-05 3.79541e-06 1.10471e-05 7.32995e-06 1.67354e-05 9.37003e-06 3.57751e-06 2.46027e-06 1.03043e-06 4.16474e-06 1.17525e-05 8.86479e-06 2.48429e-05 1.90512e-06 5.19017e-07 5.82901e-06 3.17022e-06 7.55006e-06 2.03622e-05 2.8626e-05 1.26417e-05 1.41569e-06 1.9688e-05 2.04815e-05 6.21894e-06 6.06108e-06 6.59006e-06 3.80394e-05
8.03706e-06 1.13786e-05 1.37151e-05 3.08658e-06 7.75826e-06 6.98676e-06 2.15991e-05 4.65483e-06 4.24998e-05 5.43726e-05 1.49846e-05 7.38433e-06 1.3504e-05 2.87104e-05 2.79106e-05 1.01646e-05 6.6087e-06 1.95287e-06 3.36908e-06 1.13154e-06 5.15085e-07 1.31974e-06 7.06596e-07 1.15137e-05 1.762e-05 9.14508e-06 2.06663e-05 1.92604e-05 3.32889e-06 3.73989e-07 3.87739e-06 1.41681e-05
1.66545e-05 3.27635e-05 2.65014e-05 1.65644e-05 1.14336e-05 1.2153e-05 1.27718e-05 4.18565e-06 1.49401e-05 2.59768e-05 1.61001e-05 1.57914e-05 7.00834e-06 2.10174e-05 1.91351e-05 1.00194e-05 2.78531e-05 2.29464e-05 4.12194e-06 4.60966e-06 5.38347e-07 7.39161e-06 9.65726e-06 2.20261e-07 3.74672e-07 0.000215579 0.000563579 0.000129214 7.36808e-06 5.47679e-06 7.22076e-07 3.48847e-06
6.74756e-06 2.8871e-06 6.7112e-06 2.87611e-05 1.82622e-05 8.85502e-06 8.09068e-06 8.47142e-06 1.07025e-05 8.40257e-06 1.20509e-05 2.25665e-05 4.62414e-06 1.36957e-07 4.04611e-06 1.3669e-06 1.53979e-05 1.28053e-05 5.07979e-06 1.41803e-05 3.90842e-06 2.94196e-06 1.57567e-05 1.94296e-06 2.38699e-05 0.00171329 0.00365275 0.000722078 8.16208e-06 4.79425e-06 5.58921e-06 7.10919e-06
1.70643e-07 5.65097e-06 1.1618e-05 1.00415e-05 2.87589e-06 4.25216e-06 4.71522e-06 5.62772e-06 1.46329e-05 3.1609e-05 3.80024e-05 2.1153e-05 2.42598e-06 1.43686e-06 8.44945e-06 4.51077e-06 9.99432e-07 3.45631e-06 3.94946e-06 1.0303e-05 1.15732e-05 5.47975e-06 1.20986e-05 9.42159e-07 2.19893e-05 0.000700273 0.00153901 0.000344775 1.38062e-05 9.90241e-06 7.52061e-06 3.2513e-06
1.41642e-06 5.40934e-06 3.20426e-05 3.59174e-05 8.33344e-06 5.33399e-06 1.01768e-05 1.04466e-05 3.71999e-06 2.38165e-06 1.15873e-05 2.6622e-05 1.42749e-05 1.17122e-05 6.69608e-06 5.65441e-06 7.45108e-07 7.37341e-06 1.13068e-05 8.36638e-06 1.61257e-05 1.01125e-05 6.97943e-07 4.45449e-06 2.04407e-05 1.17642e-05 4.18308e-05 3.60909e-05 1.56716e-05 9.53955e-06 1.80112e-05 1.55068e-05
6.09896e-07 9.54659e-07 2.08274e-05 3.19012e-05 1.53447e-05 1.37769e-05 4.81567e-06 5.71282e-06 4.30223e-06 8.5171e-06 5.47966e-06 8.05761e-06 4.24133e-06 3.41181e-06 6.05068e-06 8.18389e-06 7.91587e-06 5.48002e-06 1.29261e-05 2.21922e-05 1.85009e-05 1.07819e-05 2.03519e-06 4.61297e-06 2.40074e-06 5.90666e-07 3.5821e-05 2.6418e-05 1.05801e-05 2.1814e-05 1.44415e-05 9.34441e-06
6.65441e-07 2.94229e-06 4.51968e-06 8.09235e-06 1.40082e-05 2.00238e-05 8.87076e-07 1.3004e-05 1.86036e-05 5.93177e-06 4.86488e-06 1.04834e-05 7.98145e-06 4.17798e-06 1.02773e-05 4.54829e-06 7.61073e-07 5.39706e-06 2.72901e-05 1.97799e-05 1.02922e-05 1.90195e-05 2.03383e-05 1.44211e-05 6.55043e-06 5.63832e-06 2.96999e-05 1.04895e-05 1.50661e-05 3.36351e-05 3.14211e-05 1.51323e-05
1.48604e-07 8.23116e-06 1.11381e-05 2.20795e-06 6.40741e-06 3.16459e-05 1.27564e-05 3.0095e-06 1.27903e-05 1.36117e-06 1.33186e-05 4.29525e-05 2.9696e-05 5.50279e-06 1.36747e-05 1.9482e-05 8.66555e-06 2.48262e-05 3.21817e-05 5.72083e-06 9.52129e-06 2.10152e-05 4.00937e-05 2.25776e-05 4.1656e-06 1.17829e-05 1.89623e-05 4.49429e-06 4.15507e-06 1.00787e-05 1.2405e-05 5.77995e-06
2.72978e-06 4.90778e-06 2.79096e-05 1.17431e-05 2.29049e-07 1.22459e-05 1.92423e-05 8.59052e-06 1.04666e-05 1.63231e-05 2.74351e-05 4.53249e-05 2.74602e-05 4.99719e-06 7.69468e-06 1.82982e-05 2.99449e-06 6.43018e-06 1.33442e-05 3.86413e-06 2.08517e-06 3.32531e-06 9.55485e-06 6.15803e-06 1.17197e-08 7.59681e-06 1.65556e-05 1.48687e-05 5.48531e-06 5.64917e-06 7.16998e-06 8.57195e-08
1.31721e-05 4.60499e-07 1.1294e-05 1.10138e-05 6.07091e-06 4.973e-07 8.02548e-06 6.65313e-06 1.88702e-06 2.88105e-06 4.45346e-06 3.31278e-07 3.15116e-06 1.35216e-06 5.50362e-06 8.18001e-06 5.20729e-07 6.29826e-06 2.20973e-06 1.53319e-06 1.11849e-06 3.39685e-07 1.285e-06 3.51013e-06 5.21835e-07 3.19069e-06 2.34546e-06 4.11347e-06 1.09424e-05 1.28217e-05 1.39253e-05 1.30331e-07
3.04962e-06 6.42165e-06 2.50277e-06 8.84284e-06 1.15963e-05 1.12023e-06 6.38096e-06 4.91692e-08 1.26427e-06 2.03031e-07 9.84257e-06 3.55401e-05 3.93228e-05 6.8784e-06 5.55704e-06 4.97644e-06 5.43302e-06 6.97126e-06 1.0815e-06 6.20426e-06 4.77483e-06 2.18787e-07 7.65152e-06 1.76612e-05 2.94733e-07 2.95814e-06 1.06298e-05 9.00599e-06 8.57795e-08 3.93811e-06 1.39636e-05 3.00458e-06
8.67856e-07 1.70602e-05 1.53599e-05 4.67157e-06 9.55379e-06 1.45777e-05 6.49716e-06 2.43259e-06 7.54397e-06 1.16395e-07 1.277e-05 2.51286e-05 1.18501e-05 6.00126e-06 3.13667e-06 3.69844e-06 1.01338e-05 5.43852e-06 4.31158e-06 6.60147e-06 8.13636e-06 2.26046e-06 4.0608e-06 1.06453e-05 3.09972e-06 5.50727e-06 2.32292e-05 1.45796e-05 6.62966e-06 7.35302e-06 2.30306e-05 1.04712e-05
1.0958e-05 1.06137e-05 3.2169e-05 2.44798e-05 3.04162e-06 8.73578e-06 5.3899e-06 1.49012e-06 1.10963e-05 2.12637e-06 6.24011e-06 1.15484e-05 2.4946e-05 2.32098e-05 7.343e-05 0.000429987 0.000165129 1.44417e-05 6.03343e-06 3.29921e-06 5.30512e-06 1.48717e-05 1.38709e-05 1.70054e-06 6.05288e-07 4.20214e-06 1.06982e-05 1.2292e-05 1.23134e-05 1.49684e-05 2.15712e-05 1.46967e-05
1.71997e-05 3.76477e-06 1.77864e-05 1.40274e-05 2.20293e-06 1.59822e-05 1.17125e-05 8.01223e-06 1.28703e-07 1.03479e-05 1.33949e-05 5.73713e-06 1.55578e-05 2.48018e-05 0.000351377 0.00200738 0.000674843 1.26679e-05 2.11913e-06 5.16691e-07 5.66728e-06 5.22861e-05 3.62834e-05 2.56434e-06 3.9174e-06 4.29424e-06 1.66394e-05 1.98661e-05 3.45932e-06 1.13439e-05 3.20534e-06 1.39264e-05
5.06999e-06 4.91828e-07 8.39924e-06 1.12185e-05 7.60552e-07 1.93086e-06 7.38461e-06 2.08911e-05 1.29595e-05 1.96264e-06 1.75745e-05 1.32829e-05 1.08627e-05 8.59095e-06 0.000140321 0.000545826 0.000133894 9.72401e-06 2.07893e-06 3.94597e-06 1.74974e-07 1.89786e-05 9.67072e-06 3.09592e-06 1.05603e-05 1.42042e-05 4.24958e-05 3.1671e-05 2.76319e-06 2.7247e-05 2.24257e-06 1.55223e-06
1.4273e-05 2.06827e-06 1.87736e-05 2.45724e-05 1.17521e-05 1.03003e-05 6.54299e-07 1.06928e-05 1.27688e-05 4.08993e-06 4.87493e-07 5.36621e-06 2.34427e-05 2.22437e-05 4.88912e-06 8.08375e-06 1.73022e-05 7.27566e-06 2.16698e-06 2.1903e-05 2.32687e-05 2.97127e-06 4.9683e-06 2.78419e-06 1.18536e-06 6.30046e-06 2.47433e-05 1.56392e-05 2.47962e-06 1.0689e-05 2.81204e-06 3.73204e-06
1.89287e-05 2.58072e-06 2.69778e-05 4.19041e-05 3.93539e-05 3.00989e-05 6.15315e-08 1.17316e-05 4.31447e-06 7.22978e-06 4.60924e-06 1.45459e-05 3.95524e-05 1.24704e-05 2.02066e-06 1.19162e-05 2.13086e-05 5.9552e-06 6.41008e-06 2.01175e-05 1.63863e-05 5.10479e-06 5.66254e-06 2.21413e-06 3.83948e-06 7.63343e-06 7.11741e-06 2.68073e-07 7.38181e-06 9.89196e-06 1.41159e-05 1.14468e-05
1.23488e-05 2.06237e-06 5.28983e-05 4.29138e-05 2.59117e-05 1.42155e-05 9.72851e-06 1.81482e-05 1.19612e-06 9.72968e-06 6.59496e-06 5.83357e-06 2.62932e-05 8.64665e-06 3.96375e-06 6.42215e-06 7.04989e-07 4.63388e-06 7.38141e-06 1.29836e-06 1.78317e-06 3.14883e-06 7.60155e-08 2.16131e-06 2.03977e-05 3.69802e-05 1.32372e-05 3.60269e-07 5.6209e-06 1.3181e-05 1.81633e-05 8.85366e-06
8.73337e-06 1.04358e-05 3.11266e-05 2.32588e-05 1.33341e-05 3.32631e-06 1.4517e-05 1.69116e-05 2.27604e-05 7.04572e-06 1.78417e-05 4.35317e-05 7.98786e-05 9.62216e-06 5.91291e-07 2.04374e-05 1.9164e-05 3.58063e-06 5.29638e-07 6.72061e-07 6.22131e-06 1.44163e-05 1.72118e-05 3.46707e-06 1.0562e-05 2.39497e-05 1.03616e-05 1.05087e-05 1.81544e-05 1.9861e-06 3.00982e-06 9.26528e-06
1.11262e-05 2.87591e-06 5.98378e-06 1.35995e-05 2.47071e-05 3.62184e-06 2.27553e-06 1.52338e-05 5.48628e-05 4.12502e-06 8.98299e-06 2.9741e-05 4.4809e-05 1.65715e-07 1.1447e-05 3.91934e-06 9.8363e-06 5.12619e-06 3.06345e-06 5.11921e-06 1.22668e-05 8.89893e-06 1.00788e-05 4.44041e-06 7.58509e-06 1.31113e-05 1.30072e-05 2.35178e-05 1.71227e-05 1.04291e-06 3.66558e-06 2.36799e-05
1.14313e-05 2.0289e-06 5.61246e-06 2.29024e-06 3.07441e-06 1.08823e-07 9.0336e-07 5.65436e-06 6.08644e-06 2.50639e-06 2.34055e-06 1.0696e-06 1.75902e-06 5.03704e-06 1.57367e-05 2.36277e-06 3.65537e-06 5.34931e-06 3.19257e-06 2.41683e-05 2.92938e-05 3.99845e-06 4.60989e-07 3.37027e-06 7.27191e-06 1.23493e-05 1.21257e-05 6.89743e-06 1.32072e-06 5.66179e-07 9.43023e-06 2.03281e-05
3.039e-06 4.37756e-07 4.95784e-06 7.69905e-06 2.35343e-06 3.35068e-06 3.05557e-06 5.6366e-06 7.1249e-06 6.40891e-06 1.25623e-06 1.90389e-07 9.84551e-06 2.92784e-05 2.4203e-05 3.47552e-06 6.25172e-06 3.08288e-06 3.03851e-06 1.22301e-05 1.79573e-05 2.94817e-06 3.54179e-06 9.08237e-06 1.13479e-05 5.30859e-06 3.38401e-06 1.16647e-05 1.58705e-05 4.12385e-06 2.06261e-06 1.43892e-06
4.86478e-06 2.69691e-06 8.57657e-07 2.77543e-06 1.68814e-06 8.14505e-06 4.01955e-06 1.38432e-06 2.12561e-06 2.09964e-05 8.34245e-06 2.44824e-06 1.02361e-05 2.31782e-05 6.20665e-06 1.41392e-07 3.48369e-06 1.60368e-06 3.27001e-06 2.43059e-06 2.81441e-06 2.07828e-06 1.39139e-05 2.17297e-05 1.44855e-05 9.87292e-07 1.51906e-07 3.52751e-06 7.64759e-07 1.03827e-06 1.00833e-07 1.91763e-07
1.16209e-05 8.86521e-06 7.53204e-07 1.011e-05 0.000120835 0.00015985 3.64917e-05 1.05094e-06 1.25257e-06 9.5287e-06 1.65893e-05 5.29414e-06 5.56767e-06 9.10869e-06 7.38476e-06 6.06079e-06 2.96176e-05 2.99854e-05 9.41184e-06 2.01613e-06 4.20774e-07 1.00175e-05 1.97483e-05 3.38423e-05 2.05778e-05 7.77364e-07 4.26518e-06 6.23665e-06 5.82964e-06 5.77658e-07 1.04527e-06 1.87135e-06
1.21742e-05 1.77471e-06 1.94188e-06 2.7351e-05 0.000242329 0.000216437 2.29389e-05 7.12732e-07 8.95335e-06 2.19642e-05 2.28549e-05 5.7952e-06 2.58924e-06 3.04069e-05 2.38941e-05 1.65469e-08 2.05011e-05 4.03098e-05 2.35422e-05 3.17483e-06 1.82583e-06 3.27761e-06 7.58961e-06 7.84399e-06 1.06696e-05 2.87638e-06 6.02491e-06 1.09199e-05 4.85868e-06 6.05288e-07 9.30371e-06 1.34219e-05
1.60133e-08 1.25224e-05 7.41106e-06 1.33754e-05 2.76691e-05 1.50014e-06 6.76982e-06 4.09498e-07 3.10156e-06 8.77768e-06 2.65022e-06 1.23422e-06 2.07594e-05 3.76852e-05 1.2075e-05 1.04489e-05 1.30286e-05 2.19482e-05 2.71733e-05 5.74707e-06 1.42258e-07 8.70808e-06 1.54617e-05 8.70693e-06 5.36686e-06 1.08236e-05 5.93735e-06 1.16659e-05 1.42221e-06 1.79571e-05 2.03652e-05 1.23986e-05
1.78301e-05 2.18658e-05 8.4596e-06 4.36317e-07 1.26557e-05 5.24771e-05 3.43323e-05 1.02822e-05 9.60324e-06 2.6731e-06 8.62209e-06 4.48262e-06 2.9741e-05 3.12529e-05 1.81226e-05 1.65052e-05 6.32516e-06 4.72346e-06 8.74604e-06 9.04568e-06 7.18571e-06 1.8289e-05 2.70519e-05 2.15021e-06 6.53049e-06 2.50178e-05 1.8301e-05 2.40527e-06 1.2159e-05 3.81662e-05 2.44094e-05 4.75013e-06
4.76227e-05 6.92993e-06 1.15744e-06 1.13728e-05 3.30594e-05 1.4808e-05 1.44877e-05 1.58867e-05 9.55632e-06 9.00976e-07 1.31572e-05 4.99882e-06 9.34807e-06 1.27121e-06 5.63336e-06 3.78948e-07 2.89837e-06 2.59831e-05 3.15013e-05 1.59058e-05 9.31616e-06 5.03727e-06 7.62968e-06 8.65683e-06 3.44911e-05 3.38478e-05 2.03911e-05 4.76517e-06 8.9651e-06 3.09594e-05 3.13439e-05 3.51784e-05
3.28219e-05 2.73851e-06 1.32411e-05 8.45334e-06 3.53768e-05 1.27609e-06 8.09185e-06 6.87536e-06 2.61964e-06 7.69677e-06 2.30676e-05 4.23852e-06 2.22536e-06 7.63271e-06 9.59002e-06 1.25747e-05 2.17623e-05 3.46262e-05 4.55051e-05 1.68126e-05 3.46955e-06 4.24595e-06 1.32705e-05 3.67138e-05 5.09065e-05 2.62871e-05 5.5353e-06 1.69848e-06 2.44902e-05 4.35818e-05 4.60922e-05 6.97948e-05
2.73723e-06 1.96775e-05 9.82742e-06 2.80517e-06 1.08107e-05 4.63095e-07 9.31204e-06 2.26996e-06 1.14111e-05 1.98352e-05 2.47281e-05 1.07676e-05 3.62268e-07 1.37082e-07 1.30486e-06 4.06601e-06 7.42674e-06 1.97958e-05 2.94122e-05 7.9875e-06 1.96619e-05 1.04842e-05 6.50433e-06 1.07078e-05 1.55398e-05 1.26695e-05 4.92164e-06 2.20941e-06 1.18766e-05 4.28907e-05 4.71618e-05 3.01934e-05
9.4443e-06 9.85783e-06 4.40078e-06 1.0593e-05 9.55384e-06 2.33416e-06 4.12126e-06 1.54498e-05 2.52415e-05 1.17422e-05 8.48053e-06 1.21317e-05 9.38518e-06 1.33178e-05 6.02559e-06 2.93022e-06 9.76023e-07 1.2232e-05 3.75221e-05 3.94542e-05 6.11925e-05 4.59069e-05 5.11876e-06 1.21889e-06 5.29193e-06 3.53139e-06 3.33987e-08 6.73555e-06 7.84743e-06 1.37807e-05 1.10705e-05 6.36721e-06
8.08243e-06 9.43558e-06 1.74944e-05 5.71712e-06 2.07604e-05 1.06002e-05 4.58699e-06 1.71912e-05 1.63807e-05 3.18163e-06 2.28656e-06 1.28355e-05 1.17023e-05 7.37186e-06 4.92389e-06 1.84304e-06 2.67053e-06 1.88388e-06 2.02109e-05 2.92405e-05 3.34092e-05 4.4246e-05 1.54482e-05 4.5492e-06 3.56971e-05 1.6131e-05 1.84507e-05 1.64678e-05 1.16389e-06 9.85621e-07 1.78413e-06 4.02963e-06
4.4424e-07 2.00716e-05 3.60501e-05 5.58196e-06 1.01732e-05 6.35744e-06 2.06413e-06 6.25619e-06 1.85634e-05 2.92513e-05 6.49255e-07 2.89983e-06 2.46414e-06 3.82632e-06 5.4372e-06 2.19591e-06 9.94919e-06 1.11972e-05 1.41136e-06 3.3676e-06 1.33938e-06 7.63372e-06 1.86955e-05 4.12815e-06 1.85352e-05 1.41105e-05 2.54508e-05 1.04089e-05 1.30991e-05 2.22208e-05 1.46687e-05 3.02134e-06
9.16355e-06 9.11729e-06 4.06819e-05 1.65716e-05 1.49957e-05 1.30246e-05 6.41943e-06 3.62732e-06 1.26474e-05 2.32177e-05 9.27063e-06 5.80723e-06 6.27789e-06 2.01448e-06 3.32872e-06 7.61358e-07 1.12241e-05 2.46573e-05 2.06582e-05 1.06612e-05 6.30234e-06 1.75088e-06 8.89346e-06 4.43012e-06 2.41255e-06 9.22535e-06 1.35121e-05 8.67695e-07 3.15942e-05 4.38429e-05 2.6595e-05 2.58659e-05
9.38663e-06 9.72654e-06 2.86751e-05 6.0821e-06 1.96312e-05 3.93495e-05 1.74234e-05 8.52848e-06 1.60744e-05 1.86939e-05 1.16412e-05 1.93687e-05 1.00587e-05 4.10263e-06 1.24934e-05 1.948e-07 1.56406e-05 9.10493e-06 3.86411e-06 2.18002e-06 7.53951e-06 1.70209e-05 1.50626e-05 2.46644e-05 2.10608e-05 1.58615e-05 2.82809e-05 8.04042e-06 4.11717e-06 3.86705e-06 7.61647e-06 2.22566e-05
1.38873e-05 1.33051e-05 1.05512e-05 3.69253e-06 2.29055e-05 4.31554e-05 1.02114e-05 5.85957e-06 2.8132e-05 1.32273e-05 5.9709e-07 3.54477e-06 2.76816e-06 1.73528e-06 1.06267e-05 3.96371e-06 1.41062e-05 6.77836e-06 1.24236e-05 1.60709e-05 1.08115e-05 7.56286e-06 1.19749e-05 2.48775e-05 2.70637e-05 7.85116e-05 0.000138239 3.1991e-05 3.05197e-06 5.54681e-06 4.10121e-06 3.45552e-06
2.65457e-06 5.98219e-06 1.92221e-05 1.76149e-05 9.8996e-06 9.82418e-06 4.66511e-06 4.65215e-06 1.0489e-05 7.96445e-06 9.10304e-06 6.46241e-06 8.52519e-06 3.94151e-06 3.09953e-06 8.36034e-06 9.07294e-06 6.53582e-06 3.23608e-05 5.46804e-05 9.38414e-06 1.19329e-06 7.32482e-06 7.46588e-06 2.28889e-05 1.94665e-05 5.41225e-05 6.40435e-05 1.73292e-05 1.2348e-05 1.16424e-05 3.35542e-06
2.05808e-06 9.11084e-06 2.67508e-05 1.22324e-05 2.49934e-06 4.89158e-06 1.91743e-05 1.56897e-05 1.91384e-05 4.25429e-05 3.07263e-05 2.12366e-05 2.55953e-05 8.34702e-06 2.26441e-06 5.64604e-06 2.63234e-06 5.15152e-06 1.87299e-05 1.55499e-05 1.30373e-06 1.99919e-06 9.23587e-06 4.73985e-07 3.94166e-05 5.21842e-05 2.68872e-06 6.20588e-06 7.87236e-06 5.8388e-06 2.52936e-06 1.59837e-06
2.6442e-07 1.55587e-05 2.71494e-05 6.83428e-06 1.89086e-06 6.7779e-06 1.79856e-05 1.41777e-05 1.87343e-05 4.16447e-05 2.95999e-05 6.80458e-06 5.67965e-06 2.2918e-06 3.23074e-06 1.40341e-05 1.61639e-05 8.37397e-06 1.45899e-05 1.71195e-05 1.41337e-05 1.39717e-06 8.12553e-06 3.19112e-06 9.51375e-06 2.58861e-05 2.07402e-05 1.2242e-05 3.77258e-06 6.59403e-06 2.80377e-06 1.40017e-06
1.23408e-05 2.96794e-05 8.03167e-06 8.68071e-06 5.04161e-06 6.08891e-07 1.58176e-06 6.48344e-06 1.25331e-05 1.2107e-05 6.90439e-06 6.74225e-06 3.17955e-06 8.58935e-08 3.57145e-07 1.90322e-05 5.04924e-05 4.5538e-05 2.97295e-05 1.77866e-05 7.82311e-06 4.4579e-06 5.72822e-06 8.89934e-06 1.30374e-05 4.0979e-06 1.35172e-05 5.61332e-06 7.00359e-06 3.46755e-05 4.32697e-05 9.84183e-06
9.14759e-06 8.70107e-06 6.34359e-07 1.92739e-05 1.95108e-05 4.09006e-06 4.38104e-09 4.42094e-06 2.37997e-06 1.59069e-07 9.03752e-07 1.20575e-06 8.85446e-08 8.76561e-07 1.15673e-07 4.33329e-06 3.89857e-05 6.19247e-05 5.4033e-05 3.07153e-05 2.29928e-05 2.13983e-05 2.53228e-06 8.69382e-06 3.66586e-05 4.26324e-05 3.29808e-05 3.26687e-06 8.39961e-06 5.42455e-05 3.75157e-05 7.42705e-06
2.36695e-06 1.62285e-06 3.77996e-06 1.04626e-05 2.50016e-05 1.07651e-05 7.87491e-06 1.92695e-05 1.02791e-05 7.47916e-06 5.80936e-06 6.86844e-07 1.05434e-06 1.37867e-05 5.39041e-06 2.11853e-06 5.33933e-06 1.4311e-05 1.06649e-05 1.44032e-05 1.30947e-05 9.84507e-06 8.24993e-07 8.46566e-06 2.27571e-05 2.36324e-05 5.66974e-06 2.26003e-06 8.37095e-06 1.45323e-05 2.75505e-07 8.71324e-07
7.74992e-06 5.56245e-06 7.67309e-06 2.06143e-05 2.59079e-05 1.86663e-06 6.77889e-06 2.34972e-05 3.30698e-05 1.3509e-05 6.89135e-06 1.45209e-07 8.04777e-06 2.19096e-05 8.5441e-06 4.67019e-06 7.57577e-07 1.406e-05 1.44462e-05 2.35736e-06 2.50252e-06 5.35794e-06 5.22559e-08 1.67456e-05 2.44217e-05 1.86858e-07 1.04077e-05 8.27242e-06 1.38164e-05 1.76581e-05 4.57317e-06 8.32888e-06
1.24638e-05 4.50416e-06 6.98348e-06 3.42237e-05 3.38759e-05 4.5828e-06 7.63183e-07 5.71901e-06 2.35556e-05 1.59102e-05 7.78007e-06 8.61455e-07 4.90337e-06 5.95237e-07 2.45931e-06 1.12014e-05 5.32681e-06 1.22291e-05 2.04945e-05 1.29326e-05 1.79782e-05 3.12184e-05 1.36002e-05 4.01656e-06 2.82129e-05 7.68103e-06 9.54989e-07 9.18342e-07 7.97366e-06 2.97432e-06 1.85186e-06 1.0977e-05
8.29414e-06 1.80252e-05 2.57228e-06 2.92135e-05 2.60025e-05 1.22649e-05 7.95622e-06 4.46908e-06 4.83135e-06 1.86291e-05 3.10094e-05 1.03757e-05 4.63798e-06 1.88392e-05 1.93979e-05 5.74108e-06 1.10426e-05 1.32599e-05 1.75219e-05 3.3641e-05 3.6706e-05 5.15087e-05 3.16824e-05 3.39459e-06 7.56154e-06 1.59771e-05 7.78289e-06 3.6934e-06 3.5739e-06 9.74034e-06 1.50181e-05 3.10302e-06
9.40501e-06 8.93998e-06 2.93004e-06 7.15748e-06 4.06831e-06 1.17219e-05 8.86044e-06 6.636e-06 2.78293e-05 3.35624e-05 3.72813e-05 3.04148e-05 1.11911e-05 3.08846e-06 1.05646e-05 4.78275e-05 2.31033e-05 2.29481e-06 8.12418e-07 1.99266e-05 3.09438e-05 2.28084e-05 2.19059e-06 1.78721e-07 1.09398e-05 2.23429e-05 1.15058e-05 2.36746e-06 9.65854e-07 4.43582e-06 2.62122e-06 3.34004e-06
8.85311e-06 7.09554e-06 5.75805e-07 1.16622e-06 1.43861e-05 7.53336e-06 1.64576e-05 1.80645e-05 3.43646e-05 9.53421e-06 6.6867e-06 1.9906e-05 9.06792e-06 1.0087e-05 6.19301e-06 3.63295e-05 1.84858e-05 1.90782e-06 9.56571e-06 3.95306e-06 4.84503e-06 1.56529e-05 2.45794e-05 5.22487e-06 1.19434e-05 2.16111e-05 3.06843e-06 3.94162e-06 4.42955e-06 1.92037e-06 1.94475e-05 2.0263e-05
5.43676e-06 3.57682e-06 4.89553e-06 2.74947e-06 1.00474e-05 1.98581e-06 9.73606e-06 1.03311e-06 5.67557e-06 3.60238e-06 5.04733e-07 1.04078e-05 1.33284e-05 1.37747e-05 3.90062e-06 1.53696e-05 4.14721e-05 4.30286e-05 1.99772e-05 1.17964e-05 7.81984e-06 2.51453e-05 3.84844e-05 3.89485e-07 1.56183e-05 6.69357e-06 4.98675e-07 7.69046e-06 2.38918e-06 3.71615e-07 1.00814e-05 2.25664e-05
1.01983e-05 9.6419e-06 9.18954e-06 8.98103e-06 1.77846e-05 2.82026e-05 3.03035e-05 8.89621e-06 3.36257e-06 1.99981e-05 3.05384e-06 4.32097e-06 1.40539e-05 2.78085e-05 1.08152e-05 2.16097e-05 6.3811e-05 0.000117103 5.75249e-05 1.21707e-06 1.6333e-05 2.22672e-05 2.10091e-05 1.92227e-07 1.31351e-05 1.07642e-06 2.13128e-05 5.42703e-05 2.44471e-05 6.81221e-06 8.71028e-06 6.25344e-06
2.4343e-05 2.47564e-05 1.35171e-05 1.74199e-05 2.04924e-05 2.44373e-05 2.03755e-05 1.41739e-06 1.43791e-05 1.49584e-05 1.5559e-06 3.48957e-07 1.12922e-05 1.52799e-05 6.81947e-06 2.98359e-05 4.21128e-05 7.33717e-05 4.50157e-05 1.81118e-06 2.25376e-06 5.03026e-06 7.06478e-06 2.73011e-06 3.82177e-06 3.47026e-06 2.114e-05 3.62798e-05 4.79571e-05 4.03745e-05 1.31906e-05 2.16916e-05
1.09926e-06 5.74132e-06 1.39279e-05 1.76138e-05 6.0079e-06 6.29953e-06 1.01632e-06 7.71287e-06 3.81914e-05 2.62581e-05 3.65292e-06 1.52837e-05 5.60337e-06 5.33736e-06 2.45248e-05 4.81701e-05 5.08262e-05 2.95001e-05 3.93868e-06 4.72546e-06 8.17736e-06 1.48414e-06 7.03841e-08 1.39866e-06 1.44976e-05 2.02732e-05 4.77332e-06 4.90079e-06 2.88873e-05 3.38158e-05 3.66203e-06 1.19631e-06
4.41932e-06 4.70535e-06 6.73122e-06 2.03028e-05 2.21538e-05 1.28266e-05 2.80276e-06 1.62503e-05 6.39632e-05 4.26706e-05 7.04183e-06 1.30074e-05 1.67533e-05 5.35735e-06 7.70959e-06 3.67537e-05 4.96103e-05 6.47937e-06 3.97801e-06 2.90784e-06 4.63025e-06 1.88807e-06 5.36526e-06 3.3443e-06 1.91888e-05 1.15063e-05 5.943e-07 8.931e-07 1.07111e-05 3.04088e-05 5.77979e-06 7.8631e-07
7.91265e-06 2.43592e-06 1.70065e-07 7.42882e-06 1.9694e-05 1.23879e-05 1.32218e-05 1.04948e-05 1.14923e-05 1.24252e-05 1.20121e-05 1.02468e-05 1.37496e-05 5.10695e-06 3.91339e-07 1.01136e-05 2.46463e-05 1.08996e-05 4.94835e-06 4.67922e-06 2.23212e-06 4.57167e-06 1.03298e-05 6.53441e-07 4.35904e-06 7.28292e-07 1.42694e-08 2.17769e-06 3.59328e-09 7.76218e-06 5.3819e-06 2.54123e-06
2.07389e-05 6.96025e-06 1.07001e-06 7.71313e-06 6.11991e-06 2.25568e-06 9.31777e-06 1.19896e-05 1.27494e-05 1.65255e-05 1.84479e-05 1.23707e-05 7.64969e-06 1.19776e-05 3.17028e-06 1.85068e-06 6.0876e-06 3.23316e-05 1.00664e-05 1.12306e-06 2.66689e-06 3.93558e-06 3.03757e-06 6.58507e-07 3.40574e-06 5.29664e-07 4.94114e-06 7.18411e-06 2.60747e-07 4.9948e-07 3.41259e-06 1.6827e-05
2.4106e-05 2.74762e-05 9.36334e-06 7.85618e-07 3.27452e-06 4.0905e-06 2.19541e-05 2.9847e-05 1.67137e-05 1.15178e-05 1.19557e-05 2.95701e-06 7.40717e-07 1.07381e-06 6.21816e-06 3.69967e-06 1.30938e-05 5.08548e-05 1.28423e-05 2.20833e-06 2.61125e-06 6.60427e-06 2.00654e-05 8.10999e-06 8.2667e-07 1.11574e-06 4.4946e-06 2.25416e-06 1.64885e-05 6.87667e-06 2.08486e-06 8.86018e-06
2.69374e-06 2.04053e-05 2.66247e-05 2.68939e-06 7.22073e-06 1.05436e-06 6.22291e-06 3.91415e-06 1.98131e-05 5.93668e-05 5.29626e-05 2.78347e-06 5.87066e-06 3.26902e-06 2.98738e-06 1.06304e-05 4.41852e-06 2.6002e-05 1.38557e-05 3.17912e-06 1.38594e-06 9.41904e-06 1.95212e-05 1.31691e-05 1.80678e-06 8.95372e-07 2.2517e-06 1.03185e-05 1.84246e-05 8.04428e-06 1.67211e-06 5.94533e-07
6.88827e-06 1.27539e-05 2.81794e-05 2.37598e-05 4.25081e-05 3.69166e-05 1.09698e-05 8.9386e-06 1.34872e-05 5.7492e-05 6.60717e-05 1.0713e-05 5.31876e-07 2.97242e-06 2.92541e-06 1.70772e-05 1.36907e-05 1.15523e-05 1.13753e-05 1.56848e-06 3.69363e-07 2.50204e-06 2.46428e-05 1.78051e-05 9.22307e-06 1.38071e-05 1.43142e-05 4.81863e-06 1.10527e-05 6.41279e-06 3.5646e-07 4.36909e-06
2.62754e-05 9.95255e-06 1.33653e-05 3.68087e-05 7.39924e-05 3.65008e-05 1.75892e-06 1.01247e-05 3.11024e-06 6.70703e-06 3.35745e-05 1.46851e-05 8.23562e-06 5.27457e-06 2.19988e-06 9.74089e-07 7.61983e-06 9.10908e-06 3.07806e-06 3.04571e-06 3.33508e-06 2.07189e-06 3.03776e-05 1.00977e-05 2.46516e-06 2.59906e-05 4.53685e-05 9.12187e-06 1.03451e-05 3.89979e-06 4.18732e-06 2.65987e-05
2.83817e-05 1.24814e-05 2.99781e-06 4.57597e-06 1.20573e-05 4.26901e-06 4.38042e-06 1.24065e-05 1.60732e-05 5.538e-07 1.63519e-05 1.60112e-05 5.00782e-06 1.47731e-06 9.0262e-06 5.50699e-06 1.60529e-06 4.86772e-06 4.71988e-07 6.69855e-06 8.68103e-06 6.07254e-07 5.57916e-07 5.01547e-06 1.90433e-05 3.34574e-05 2.651e-05 3.65871e-07 2.20398e-05 1.60839e-05 2.11584e-07 1.81825e-05
4.00726e-06 1.18347e-05 2.23519e-05 6.2883e-06 2.93003e-07 8.99044e-07 2.31705e-06 3.29882e-06 4.24424e-06 4.15466e-07 2.42859e-05 4.05041e-05 1.17524e-05 3.50714e-07 5.2815e-06 2.43167e-06 1.40863e-05 2.37302e-05 1.66035e-06 7.21722e-06 1.1063e-06 7.79748e-06 3.73327e-06 6.00686e-06 2.13932e-05 3.04189e-05 1.08248e-05 2.15382e-06 6.50411e-06 8.13217e-06 1.34944e-06 2.62238e-06
1.58762e-05 6.109e-06 3.43062e-05 3.66738e-05 2.05037e-06 5.49955e-06 1.01636e-05 1.30918e-05 2.67366e-05 5.21179e-06 1.51029e-05 2.48206e-05 1.0931e-05 3.45067e-06 3.65943e-06 4.85636e-06 3.20559e-05 2.73141e-05 6.55594e-06 5.1726e-06 7.57939e-06 4.05491e-05 2.01144e-05 1.91436e-06 1.77599e-05 2.08757e-05 2.89367e-06 2.07784e-06 2.46325e-06 3.71632e-06 1.60422e-06 5.37991e-06
2.01922e-05 1.11009e-05 4.16992e-07 2.62398e-05 1.4131e-05 1.6034e-06 3.93343e-06 8.87528e-06 2.8528e-05 2.34168e-05 6.59478e-06 5.38603e-07 4.43973e-06 1.91916e-05 1.44759e-05 4.48002e-06 1.22157e-05 2.45239e-06 7.91379e-07 6.93199e-06 1.07772e-05 1.19582e-05 1.10919e-06 7.12835e-06 1.50702e-05 6.89268e-06 1.99553e-05 2.27593e-05 8.67181e-06 1.75242e-05 1.00403e-05 8.89353e-06
2.37392e-06 1.22203e-05 8.71447e-06 8.78532e-07 4.29147e-06 5.00233e-06 2.02049e-06 4.86504e-06 1.50966e-05 2.01409e-05 4.37879e-06 1.67982e-09 1.36957e-06 1.95754e-05 3.9797e-05 1.18187e-05 1.38502e-06 3.93857e-07 2.6703e-07 5.83064e-06 8.62629e-06 2.16162e-06 3.03884e-06 5.39657e-06 8.52127e-06 5.21484e-06 5.68148e-05 2.64784e-05 6.98447e-06 0.000109716 5.30794e-05 4.19559e-06
8.86452e-06 1.16718e-05 9.46823e-06 2.37724e-05 2.02353e-05 9.42621e-06 2.26901e-07 3.42472e-06 3.72916e-06 3.0966e-06 1.00263e-06 5.61516e-06 3.54254e-06 1.00064e-05 3.16099e-05 9.36726e-06 4.12036e-06 4.37107e-07 6.25404e-06 4.41088e-06 1.87274e-05 2.65168e-05 3.06743e-05 5.54094e-05 3.85287e-05 5.8359e-06 4.40907e-05 1.51584e-05 2.36717e-06 2.04215e-05 1.16642e-05 3.17415e-06
4.00822e-05 1.7491e-05 1.65498e-05 4.42854e-05 1.71636e-05 5.0808e-07 1.76316e-06 5.84907e-06 2.57718e-06 2.50849e-07 9.26278e-07 3.3017e-06 5.40789e-07 4.38874e-06 1.35285e-05 6.38e-06 2.08261e-06 3.56237e-06 1.17948e-05 4.24733e-06 4.7905e-07 2.42841e-05 2.54611e-05 1.72693e-05 1.04477e-05 3.18329e-06 8.33513e-06 1.45524e-05 2.70611e-05 1.78356e-05 1.7672e-05 2.54031e-05
2.25188e-05 1.07928e-05 6.29694e-06 1.03443e-05 1.66577e-06 6.0803e-06 3.54901e-07 5.25338e-06 3.38617e-06 8.14167e-06 1.48926e-06 5.72172e-06 3.23289e-06 4.15315e-06 8.56924e-06 7.4928e-06 6.2631e-06 2.18996e-05 3.3706e-05 3.09801e-05 2.03871e-05 9.29674e-06 3.0659e-06 9.96571e-07 5.0865e-06 8.87545e-06 2.67043e-06 3.43865e-05 4.67591e-05 2.99731e-05 3.28111e-05 2.74061e-05
1.0846e-06 4.12943e-06 1.56334e-06 3.48575e-06 6.97437e-06 1.78218e-05 5.94446e-06 1.23371e-07 5.38495e-06 8.49024e-06 1.09772e-07 4.1655e-07 5.02216e-06 7.81181e-06 1.95871e-05 2.33159e-05 2.67726e-05 4.58203e-05 4.3309e-05 2.93966e-05 1.75019e-05 1.47528e-05 6.43192e-06 7.7297e-07 7.00397e-06 9.40119e-06 2.71133e-07 2.78825e-05 1.67639e-05 1.82636e-08 1.69118e-07 4.3209e-06
6.57165e-06 7.53583e-08 2.17397e-06 5.42736e-07 3.26477e-06 2.20274e-05 2.74242e-05 2.41563e-05 1.00676e-05 1.25844e-06 1.86482e-05 9.91526e-06 1.74675e-06 2.78428e-07 3.75763e-06 1.25981e-05 1.95848e-05 1.53066e-05 4.34317e-06 5.28333e-06 5.56783e-06 1.25182e-05 5.26138e-06 1.98938e-06 2.26839e-06 1.0104e-05 3.23826e-05 6.07461e-06 7.25281e-06 3.18382e-05 2.49507e-05 3.76768e-06
1.45454e-05 1.16259e-06 3.84135e-07 1.1511e-05 2.26436e-05 2.48238e-05 2.54528e-05 2.11944e-05 2.33482e-05 3.03955e-06 5.06046e-06 2.49494e-06 5.17682e-06 8.35547e-06 7.28792e-06 5.83873e-06 1.73531e-06 4.04775e-06 3.05345e-06 1.25852e-05 5.44183e-06 2.08741e-06 6.44385e-06 3.785e-06 1.4143e-06 1.00361e-05 4.67637e-05 4.50953e-05 2.39765e-05 4.99755e-05 2.39323e-05 3.85565e-06
1.50284e-05 1.46745e-05 1.13326e-05 2.52695e-05 3.06642e-05 1.92624e-05 1.09697e-05 6.67753e-06 2.28901e-06 6.03074e-06 3.70664e-06 4.87601e-07 9.31911e-07 6.40974e-07 6.78804e-06 4.60256e-06 2.35714e-06 6.87018e-06 7.3006e-07 1.37487e-05 1.27595e-05 1.14589e-06 2.99551e-06 9.14988e-06 5.55297e-06 3.7722e-07 6.84598e-06 9.25079e-06 5.60958e-06 2.42572e-05 1.31868e-05 3.85417e-06
1.41098e-05 1.55872e-05 8.73572e-06 2.00808e-05 2.62015e-05 1.45173e-05 1.45786e-06 1.6312e-07 8.97595e-06 2.52999e-05 1.16152e-05 4.45806e-07 1.48558e-05 1.71387e-05 1.20685e-05 1.11271e-06 6.98775e-06 9.55455e-06 2.51459e-06 2.20877e-06 2.28525e-05 1.62998e-05 2.80759e-06 1.06014e-05 3.54951e-06 3.05571e-06 2.6655e-06 1.4142e-06 3.83623e-06 3.70539e-06 2.34801e-06 1.55645e-06
2.81345e-05 4.04893e-06 4.27507e-06 2.41791e-05 2.30176e-05 1.3099e-05 7.17322e-06 2.37788e-05 4.51588e-05 2.62489e-05 2.57253e-06 2.81371e-06 1.60263e-05 1.73633e-05 8.32177e-06 1.62626e-06 1.73869e-05 2.01539e-05 1.34441e-05 2.54336e-06 7.41134e-06 1.51259e-05 2.4679e-06 5.93846e-06 4.21629e-06 9.38203e-06 2.86385e-06 1.6763e-06 6.07599e-07 4.92108e-06 5.60046e-06 2.35451e-05
4.56203e-05 6.12137e-06 5.02835e-08 8.34667e-06 1.27637e-05 1.03126e-05 1.85655e-05 4.9494e-05 6.52707e-05 2.62063e-05 9.55716e-09 9.64902e-06 1.32879e-05 4.7997e-06 2.75601e-06 2.10846e-06 1.48742e-05 2.1383e-05 5.9848e-05 7.04724e-05 1.63303e-05 4.75432e-06 7.4115e-07 3.79836e-06 2.25449e-06 4.39458e-06 1.72707e-07 1.94674e-06 8.91867e-07 1.72751e-05 1.45662e-05 3.56503e-05
1.66125e-05 7.98685e-06 1.26055e-05 2.60832e-07 1.0239e-05 9.73676e-06 1.13723e-05 1.55692e-05 4.01837e-05 1.67862e-05 3.23679e-06 1.69728e-05 1.43638e-05 1.45778e-06 3.05372e-05 1.40556e-05 4.52505e-06 2.68341e-05 0.000148535 0.000152828 1.66154e-05 1.05385e-05 2.26033e-05 5.78212e-06 2.02139e-06 2.27521e-06 5.07842e-07 3.09806e-06 1.13159e-06 7.67246e-06 6.49783e-06 6.61787e-06
4.99316e-06 4.89275e-06 1.07903e-05 1.50381e-06 2.76425e-06 1.23117e-06 1.15901e-05 3.16756e-06 2.91964e-05 2.77886e-05 1.00086e-05 1.38525e-05 2.823e-06 2.94507e-06 3.65094e-05 2.58752e-05 3.80618e-06 1.73455e-05 7.00235e-05 4.81332e-05 1.71276e-06 7.1093e-06 3.05603e-05 1.04975e-06 1.23512e-05 1.57561e-05 5.47838e-06 6.93796e-06 8.1309e-06 7.29369e-07 2.03052e-06 2.00683e-06
7.17067e-06 2.14318e-06 5.75027e-06 1.3373e-06 5.88564e-06 5.79674e-07 1.57338e-06 1.09194e-06 3.24141e-05 4.33225e-05 1.93574e-06 2.2403e-06 1.08436e-06 6.20764e-06 1.43115e-05 1.32072e-05 3.54038e-06 2.12087e-07 1.23798e-05 9.0837e-06 7.83835e-07 3.15529e-06 2.61932e-05 1.72561e-05 1.63792e-05 1.32089e-05 1.61927e-07 4.8161e-06 7.55089e-08 2.18461e-07 1.26627e-05 2.83328e-05
1.54978e-05 4.55768e-06 8.34682e-07 5.89285e-06 1.07243e-05 1.40961e-06 4.17925e-06 8.30007e-06 1.46957e-05 2.76287e-05 4.58717e-05 1.35833e-05 5.56312e-06 1.58242e-05 1.49746e-05 8.06329e-06 3.67172e-06 2.96285e-06 1.77621e-05 1.611e-05 8.89495e-06 1.81754e-05 2.79356e-05 5.9191e-06 1.71863e-06 2.44958e-06 1.39873e-06 5.04732e-06 1.3895e-05 8.5264e-06 6.96466e-06 3.09409e-05
1.11553e-05 7.54693e-06 8.82505e-07 8.83158e-06 2.0552e-05 1.88313e-05 2.88622e-05 2.41863e-05 2.42752e-06 1.72883e-05 5.37554e-05 3.1715e-05 1.20318e-05 2.00983e-05 1.80423e-05 2.50602e-06 3.78196e-07 2.874e-06 1.22292e-05 1.81774e-05 1.04371e-05 9.30774e-06 8.28595e-06 5.36076e-06 2.03755e-06 9.78295e-06 9.26303e-07 6.02434e-06 1.54245e-05 3.68854e-06 8.39332e-06 4.26933e-06
1.28894e-05 1.46419e-06 2.43645e-06 2.62488e-05 3.42627e-05 2.63169e-05 3.19027e-05 2.72088e-05 9.62625e-06 2.25828e-06 6.32666e-06 1.92221e-05 1.83242e-05 1.30861e-05 1.50177e-05 1.37717e-05 3.81031e-06 2.3113e-06 1.81709e-05 1.45243e-05 1.39654e-06 2.1748e-06 5.09718e-07 2.5803e-06 1.08289e-05 2.08818e-05 1.03983e-06 1.52672e-05 1.40001e-05 5.98312e-06 1.4311e-06 1.273e-05
1.73838e-05 6.63264e-06 9.66434e-06 3.83715e-05 3.44353e-05 6.17035e-06 9.50607e-06 1.78368e-05 2.70123e-05 2.43407e-05 3.33064e-06 7.55315e-06 2.68732e-05 1.88379e-05 1.37662e-06 2.59961e-06 3.44261e-06 1.31551e-06 1.98232e-05 9.54859e-06 1.17962e-06 9.93483e-06 1.97548e-05 7.69657e-06 6.27156e-06 4.75326e-06 1.61861e-06 2.20882e-05 2.18596e-05 2.42541e-05 1.40424e-05 1.87574e-05
1.79261e-05 1.58803e-05 3.60349e-06 7.45893e-06 1.08143e-05 9.81368e-06 8.38273e-06 6.54148e-06 2.59345e-05 3.44922e-05 1.84989e-05 1.06656e-06 2.85489e-05 3.54421e-05 1.54276e-05 1.59453e-05 5.52993e-06 6.88682e-06 1.90447e-05 1.06143e-05 7.02291e-08 4.14203e-06 2.02609e-05 1.27957e-05 2.37782e-06 2.64465e-06 1.25222e-06 7.91156e-06 2.1408e-05 4.66402e-05 2.97041e-05 6.35552e-06
1.64515e-05 7.28167e-06 9.81085e-06 7.15527e-06 1.24693e-05 6.70004e-06 1.74564e-06 1.63734e-05 1.98199e-05 9.85513e-06 8.01226e-06 4.18526e-06 7.39887e-06 1.66033e-05 3.80765e-06 5.84246e-06 1.75356e-05 2.09999e-05 7.07871e-06 1.62814e-06 7.31849e-07 1.52607e-08 1.84848e-07 1.92056e-06 2.00222e-06 5.51309e-06 1.08983e-05 8.94737e-06 1.5706e-05 1.85475e-05 8.11005e-06 4.48011e-06
3.27416e-05 1.30656e-05 2.73064e-05 1.16487e-05 6.72656e-06 8.97429e-06 2.71378e-05 2.11004e-05 9.96149e-06 5.35565e-06 3.62815e-06 7.47413e-06 1.12281e-07 9.11241e-06 8.35146e-06 1.00413e-07 1.05473e-05 1.15873e-05 2.83115e-07 6.97143e-06 7.25847e-06 9.92462e-07 4.53546e-07 1.15169e-06 4.65802e-06 5.75391e-06 6.33519e-06 1.14356e-05 1.52955e-05 3.27598e-06 7.23195e-06 3.19778e-05
1.91761e-05 1.09422e-05 1.09113e-05 5.15831e-06 3.22141e-07 2.60708e-05 4.42714e-05 9.00255e-05 0.000392997 0.000163969 8.8316e-06 6.8492e-06 1.16908e-06 2.10601e-06 1.6193e-05 9.58335e-06 4.91848e-07 1.71433e-06 5.4243e-07 1.30888e-05 6.42893e-06 6.22588e-06 2.06843e-05 1.23786e-05 7.78244e-07 7.87377e-07 5.16188e-06 3.66588e-06 4.61139e-06 1.80342e-05 6.28155e-06 3.1308e-05
6.29991e-06 1.12254e-05 2.54821e-05 1.44506e-05 8.9216e-07 1.08193e-05 1.84403e-05 0.000295094 0.000903596 0.00028908 2.39611e-05 2.49234e-06 8.52478e-06 1.02064e-05 7.90169e-06 3.28158e-07 5.41916e-07 5.67874e-06 2.37836e-06 2.2608e-06 4.44923e-06 1.7703e-05 1.77762e-05 5.19356e-06 1.27223e-06 3.96334e-06 1.85093e-06 2.91808e-05 4.88886e-06 2.29052e-05 9.54509e-06 7.86532e-06
9.06233e-06 9.59271e-06 2.93962e-05 7.9651e-06 3.67561e-06 1.14272e-05 2.17048e-06 4.26164e-05 0.000105401 3.21547e-05 2.35937e-05 1.24097e-05 9.94153e-06 9.61242e-06 5.97717e-06 1.78161e-05 1.2644e-06 2.78253e-05 4.54814e-05 4.67818e-06 5.43403e-06 1.42313e-05 6.4529e-06 6.00547e-07 2.40551e-06 7.22612e-07 1.09411e-06 1.37102e-05 9.56234e-06 4.67776e-06 1.94168e-06 6.53106e-06
5.82946e-06 4.76975e-06 1.34194e-06 1.78922e-06 1.38454e-05 2.69999e-05 2.61998e-05 1.43044e-05 1.19262e-05 1.85826e-06 1.04123e-05 1.77328e-05 4.20591e-06 9.15076e-06 7.37943e-06 1.24948e-05 2.0668e-07 4.48421e-05 4.15762e-05 1.44738e-06 5.0851e-06 1.19157e-05 1.58167e-05 5.43936e-06 2.01952e-06 7.9049e-07 3.624e-06 8.65195e-06 1.03512e-05 1.68668e-06 2.50808e-06 6.99383e-06
1.11778e-05 2.37809e-05 2.16864e-05 8.04147e-06 1.03604e-06 7.11574e-06 2.82777e-05 3.49866e-05 9.23592e-06 1.40021e-07 3.76108e-07 4.46565e-06 1.80649e-06 5.03836e-06 1.56742e-06 1.04133e-05 2.1801e-06 1.22266e-05 1.37653e-05 3.73698e-06 3.62429e-06 8.44118e-06 1.35862e-05 1.23677e-05 8.4218e-06 4.17031e-06 2.67687e-06 3.02112e-06 1.88165e-05 9.55883e-06 2.42058e-06 4.50291e-06
1.33522e-06 1.82782e-05 9.62146e-06 1.09607e-05 1.36325e-05 1.27306e-06 1.56064e-05 4.05957e-05 1.49268e-05 2.4835e-07 3.50531e-06 3.37132e-06 2.18292e-06 6.28998e-06 6.31614e-06 5.73121e-06 8.88959e-06 4.2676e-06 1.02976e-05 1.61332e-05 1.76514e-05 5.39658e-06 2.76734e-06 5.37689e-06 2.28619e-06 3.25103e-06 8.7779e-06 5.54364e-06 1.39593e-05 2.7346e-05 4.81738e-06 7.376e-06
4.38322e-05 6.11569e-07 1.06146e-05 6.57936e-06 8.15987e-06 1.33924e-05 3.13193e-05 3.40397e-05 1.08844e-05 2.09467e-07 7.7006e-07 1.47492e-06 6.62312e-06 9.63364e-06 3.27653e-05 9.04821e-06 1.45175e-05 1.54394e-05 5.62793e-06 7.90394e-06 4.56373e-08 1.93884e-05 3.44718e-05 2.70565e-06 4.25748e-06 2.78179e-06 1.68134e-05 8.11049e-06 7.59547e-06 2.2382e-05 2.4262e-06 2.75565e-05
6.33215e-05 1.12018e-05 2.11335e-06 3.55993e-06 6.49167e-07 8.52106e-06 3.59316e-05 4.35232e-05 1.73424e-05 1.68612e-06 2.68561e-06 6.01859e-06 1.50371e-05 9.11143e-06 1.4796e-05 1.77693e-05 1.30552e-05 3.79869e-06 6.22658e-06 1.1448e-05 1.79523e-05 6.39926e-05 3.80186e-05 1.40239e-06 2.54404e-05 4.27721e-06 2.64028e-05 1.13517e-05 2.70648e-06 7.41165e-06 2.79273e-07 4.06721e-05
0.0298621 0.0083632 1.11802e-05 4.50047e-06 1.46125e-06 4.37935e-07 5.87908e-06 1.18492e-05 1.42526e-05 1.2732e-05 8.2478e-06 1.01474e-06 2.77041e-06 6.85709e-06 3.31087e-06 1.06034e-05 4.01373e-06 3.79859e-06 6.25893e-06 3.81974e-06 8.43484e-06 1.93108e-05 1.50778e-05 6.29556e-06 1.8099e-05 1.48067e-05 7.19491e-07 3.03511e-06 1.74112e-06 5.19544e-06 7.95218e-06 0.00825687
